
--- NEW BENCHMARK RUN ---

CPU | Memory (MB) | Timestamp
---
49.800000000000004 | 62.235084533691406 | 257921.62529312505
31.7 | 62.235084533691406 | 257921.6419838334
31.7 | 62.235084533691406 | 257921.65867454172
31.7 | 62.235084533691406 | 257921.67536525006
31.7 | 62.235084533691406 | 257921.69205595838
31.7 | 62.235084533691406 | 257921.70874666673
31.7 | 62.235084533691406 | 257921.72543737505
31.7 | 62.235084533691406 | 257921.7421280834
20.0 | 62.235084533691406 | 257921.7588187917
20.0 | 62.235084533691406 | 257921.77550950006
20.0 | 62.235084533691406 | 257921.79220020838
20.0 | 62.235084533691406 | 257921.80889091673
20.0 | 62.235084533691406 | 257921.82558162505
20.0 | 62.235084533691406 | 257921.8422723334
20.0 | 62.235084533691406 | 257921.8589630417
20.0 | 62.235084533691406 | 257921.87565375006
12.8 | 62.235084533691406 | 257921.89234445838
12.8 | 62.235084533691406 | 257921.90903516673
12.8 | 62.235084533691406 | 257921.92572587504
12.8 | 62.235084533691406 | 257921.9424165834
12.8 | 62.235084533691406 | 257921.9591072917
12.8 | 64.7350845336914 | 257921.97579800006
12.8 | 64.8600845336914 | 257921.99248870838
23.600000000000005 | 65.0632095336914 | 257922.00917941672
23.600000000000005 | 65.2975845336914 | 257922.02587012504
23.600000000000005 | 65.5944595336914 | 257922.0425608334
23.600000000000005 | 65.9538345336914 | 257922.05925154174
23.600000000000005 | 66.3600845336914 | 257922.07594225006
23.600000000000005 | 68.8757095336914 | 257922.0926329584
23.600000000000005 | 69.2507095336914 | 257922.10932366672
23.600000000000005 | 69.2507095336914 | 257922.12601437507
42.10000000000001 | 69.2507095336914 | 257922.1427050834
42.10000000000001 | 69.2507095336914 | 257922.15939579174
42.10000000000001 | 69.2507095336914 | 257922.17608650005
42.10000000000001 | 69.2507095336914 | 257922.1927772084
42.10000000000001 | 69.2507095336914 | 257922.20946791672
42.10000000000001 | 69.2507095336914 | 257922.22615862507
42.10000000000001 | 69.2507095336914 | 257922.2428493334
26.8 | 69.2507095336914 | 257922.25954004173
26.8 | 69.2507095336914 | 257922.27623075005
26.8 | 69.2507095336914 | 257922.2929214584
26.8 | 69.2507095336914 | 257922.30961216672
26.8 | 69.2507095336914 | 257922.32630287507
26.8 | 69.2507095336914 | 257922.34299358338
26.8 | 69.2507095336914 | 257922.35968429173
26.8 | 69.2507095336914 | 257922.37637500005
16.799999999999997 | 69.2507095336914 | 257922.3930657084
16.799999999999997 | 69.2507095336914 | 257922.40975641672
16.799999999999997 | 69.2507095336914 | 257922.42644712506
16.799999999999997 | 69.2507095336914 | 257922.44313783338
16.799999999999997 | 69.2507095336914 | 257922.45982854173
16.799999999999997 | 69.2507095336914 | 257922.47651925005
16.799999999999997 | 69.2507095336914 | 257922.4932099584
11.0 | 69.2507095336914 | 257922.50990066672
11.0 | 71.7507095336914 | 257922.52659137506
11.0 | 71.9225845336914 | 257922.54328208338
11.0 | 72.1257095336914 | 257922.55997279173
11.0 | 72.3288345336914 | 257922.57666350005
11.0 | 72.5944595336914 | 257922.5933542084
11.0 | 72.9225845336914 | 257922.6100449167
11.0 | 73.3132095336914 | 257922.62673562506
40.8 | 75.6882095336914 | 257922.64342633338
40.8 | 76.3132095336914 | 257922.66011704173
40.8 | 76.3132095336914 | 257922.67680775005
40.8 | 76.3132095336914 | 257922.6934984584
40.8 | 76.3132095336914 | 257922.7101891667
40.8 | 76.3132095336914 | 257922.72687987506
40.8 | 76.3132095336914 | 257922.74357058338
32.6 | 76.3132095336914 | 257922.76026129173
32.6 | 76.3132095336914 | 257922.77695200004
31.3 | 76.2663345336914 | 257922.7936427084
31.3 | 76.2663345336914 | 257922.8103334167
31.3 | 76.2663345336914 | 257922.82702412506
31.3 | 76.2663345336914 | 257922.84371483338
31.3 | 76.2663345336914 | 257922.86040554172
31.3 | 76.2663345336914 | 257922.87709625004
19.8 | 76.2663345336914 | 257922.8937869584
19.8 | 76.2663345336914 | 257922.91047766674
19.8 | 76.2663345336914 | 257922.92716837506
19.8 | 76.2663345336914 | 257922.9438590834
19.8 | 76.2663345336914 | 257922.96054979172
19.8 | 76.2663345336914 | 257922.97724050007
19.8 | 76.2663345336914 | 257922.9939312084
12.500000000000002 | 76.2663345336914 | 257923.01062191674
12.500000000000002 | 76.2663345336914 | 257923.02731262505
12.500000000000002 | 76.2663345336914 | 257923.0440033334
12.500000000000002 | 76.2663345336914 | 257923.06069404172
12.500000000000002 | 76.2663345336914 | 257923.07738475007
12.500000000000002 | 76.2663345336914 | 257923.0940754584
12.500000000000002 | 76.2663345336914 | 257923.11076616673
12.500000000000002 | 76.2663345336914 | 257923.12745687505
8.4 | 76.2663345336914 | 257923.1441475834
8.4 | 78.8600845336914 | 257923.16083829172
8.4 | 79.0788345336914 | 257923.17752900007
8.4 | 79.2819595336914 | 257923.19421970838
8.4 | 79.5163345336914 | 257923.21091041673
8.4 | 79.8132095336914 | 257923.22760112505
8.4 | 80.1725845336914 | 257923.2442918334
37.6 | 82.2975845336914 | 257923.26098254172
37.6 | 83.2038345336914 | 257923.27767325006
37.6 | 83.4694595336914 | 257923.29436395838
37.6 | 83.4694595336914 | 257923.31105466673
37.6 | 83.4694595336914 | 257923.32774537505
37.6 | 83.4694595336914 | 257923.3444360834
37.6 | 83.4694595336914 | 257923.36112679171
37.6 | 83.4850845336914 | 257923.37781750006
32.4 | 83.4850845336914 | 257923.39450820838
32.4 | 83.4850845336914 | 257923.41119891673
32.4 | 83.4850845336914 | 257923.42788962505
32.4 | 83.4850845336914 | 257923.4445803334
32.4 | 83.4850845336914 | 257923.4612710417
32.4 | 83.4850845336914 | 257923.47796175006
32.4 | 83.4850845336914 | 257923.49465245838
20.200000000000003 | 83.4850845336914 | 257923.51134316673
20.200000000000003 | 83.4850845336914 | 257923.52803387505
20.200000000000003 | 83.4850845336914 | 257923.5447245834
20.200000000000003 | 83.4850845336914 | 257923.5614152917
20.200000000000003 | 83.4850845336914 | 257923.57810600006
20.200000000000003 | 83.4850845336914 | 257923.59479670838
20.200000000000003 | 83.4850845336914 | 257923.61148741673
20.200000000000003 | 83.4850845336914 | 257923.62817812504
13.0 | 83.4850845336914 | 257923.6448688334
13.0 | 83.4850845336914 | 257923.6615595417
13.0 | 83.4850845336914 | 257923.67825025006
13.0 | 83.4850845336914 | 257923.69494095838
13.0 | 86.0163345336914 | 257923.71163166672
13.0 | 86.1725845336914 | 257923.72832237507
13.0 | 86.5319595336914 | 257923.7450130834
24.799999999999997 | 86.9225845336914 | 257923.76170379174
24.799999999999997 | 87.4694595336914 | 257923.77839450006
24.799999999999997 | 88.1100845336914 | 257923.7950852084
24.799999999999997 | 88.7663345336914 | 257923.81177591672
24.799999999999997 | 89.703857421875 | 257923.82846662507
24.799999999999997 | 90.625732421875 | 257923.8451573334
24.799999999999997 | 90.641357421875 | 257923.8591349584
24.799999999999997 | 90.641357421875 | 257923.87581304173
41.400000000000006 | 90.641357421875 | 257923.89249112507
41.400000000000006 | 90.641357421875 | 257923.9091692084
41.400000000000006 | 90.641357421875 | 257923.9258472917
41.400000000000006 | 90.641357421875 | 257923.94252537505
41.400000000000006 | 90.641357421875 | 257923.9592034584
41.400000000000006 | 90.641357421875 | 257923.97588154173
41.400000000000006 | 90.641357421875 | 257923.99255962507
26.1 | 90.641357421875 | 257924.00923770838
26.1 | 90.641357421875 | 257924.02591579172
26.1 | 90.641357421875 | 257924.04259387506
26.1 | 90.641357421875 | 257924.0592719584
26.1 | 90.641357421875 | 257924.07595004173
26.1 | 90.641357421875 | 257924.09262812504
26.1 | 90.641357421875 | 257924.10930620838
26.1 | 90.641357421875 | 257924.12598429172
16.5 | 90.641357421875 | 257924.14266237506
16.5 | 90.641357421875 | 257924.1593404584
16.5 | 90.641357421875 | 257924.17601854174
16.5 | 90.641357421875 | 257924.19269662505
16.5 | 90.641357421875 | 257924.20937470839
16.5 | 90.641357421875 | 257924.22605279172
16.5 | 90.641357421875 | 257924.24273087506
10.9 | 90.641357421875 | 257924.2594089584
10.9 | 90.641357421875 | 257924.2760870417
10.9 | 90.641357421875 | 257924.29276512505
10.9 | 90.641357421875 | 257924.3094432084
10.9 | 90.641357421875 | 257924.32612129173
10.9 | 93.141357421875 | 257924.34279937507
10.9 | 93.266357421875 | 257924.35947745838
10.9 | 93.469482421875 | 257924.37615554171
24.4 | 93.688232421875 | 257924.39283362505
24.4 | 94.000732421875 | 257924.4095117084
24.4 | 94.375732421875 | 257924.42618979173
24.4 | 94.766357421875 | 257924.44286787507
24.4 | 97.235107421875 | 257924.45954595838
24.4 | 97.703857421875 | 257924.47622404172
24.4 | 97.703857421875 | 257924.49290212506
40.8 | 97.703857421875 | 257924.5095802084
40.8 | 97.703857421875 | 257924.52625829173
40.8 | 97.703857421875 | 257924.54293637504
40.8 | 97.703857421875 | 257924.55961445838
40.8 | 97.703857421875 | 257924.57629254172
40.8 | 97.703857421875 | 257924.59297062506
40.8 | 97.703857421875 | 257924.6096487084
40.8 | 97.703857421875 | 257924.6264654584
25.999999999999996 | 97.703857421875 | 257924.64314616672
25.999999999999996 | 97.703857421875 | 257924.65982687505
25.999999999999996 | 97.703857421875 | 257924.67650758338
25.999999999999996 | 97.703857421875 | 257924.6931882917
25.999999999999996 | 97.703857421875 | 257924.70986900004
25.999999999999996 | 97.703857421875 | 257924.7265497084
25.999999999999996 | 97.703857421875 | 257924.74323041673
16.4 | 97.703857421875 | 257924.75991112506
16.4 | 97.703857421875 | 257924.7765918334
16.4 | 97.703857421875 | 257924.79327254172
16.4 | 97.703857421875 | 257924.80995325005
16.4 | 97.703857421875 | 257924.82663395838
16.4 | 97.703857421875 | 257924.84331466674
16.4 | 97.703857421875 | 257924.85999537507
16.4 | 97.703857421875 | 257924.8766760834
10.9 | 97.703857421875 | 257924.89335679173
10.9 | 97.703857421875 | 257924.91003750006
10.9 | 97.703857421875 | 257924.9267182084
10.9 | 97.703857421875 | 257924.94339891672
10.9 | 100.688232421875 | 257924.96007962505
10.9 | 100.922607421875 | 257924.9767603334
10.9 | 101.110107421875 | 257924.99344104173
28.7 | 101.375732421875 | 257925.01012175006
28.7 | 101.688232421875 | 257925.0268024584
28.7 | 102.078857421875 | 257925.04348316672
28.7 | 104.094482421875 | 257925.06016387505
28.7 | 105.016357421875 | 257925.07684458338
28.7 | 104.813232421875 | 257925.0935252917
28.7 | 104.813232421875 | 257925.11020600007
28.7 | 104.813232421875 | 257925.1268867084
39.49999999999999 | 104.813232421875 | 257925.14356741673
39.49999999999999 | 104.828857421875 | 257925.16024812506
39.49999999999999 | 104.828857421875 | 257925.1769288334
39.49999999999999 | 104.828857421875 | 257925.19360954172
39.49999999999999 | 104.828857421875 | 257925.21029025005
39.49999999999999 | 104.828857421875 | 257925.22697095838
39.49999999999999 | 104.828857421875 | 257925.24365166674
24.900000000000002 | 104.828857421875 | 257925.26033237507
24.900000000000002 | 104.828857421875 | 257925.2770130834
24.900000000000002 | 104.828857421875 | 257925.29369379173
24.900000000000002 | 104.828857421875 | 257925.31037450006
24.900000000000002 | 104.828857421875 | 257925.32705520838
24.900000000000002 | 104.828857421875 | 257925.34373591671
24.900000000000002 | 104.828857421875 | 257925.36041662504
24.900000000000002 | 104.828857421875 | 257925.3770973334
15.799999999999999 | 104.828857421875 | 257925.39377804173
15.799999999999999 | 104.828857421875 | 257925.41045875006
15.799999999999999 | 104.828857421875 | 257925.4271394584
15.799999999999999 | 104.828857421875 | 257925.44382016672
15.799999999999999 | 104.828857421875 | 257925.46050087505
15.799999999999999 | 104.828857421875 | 257925.47718158338
15.799999999999999 | 104.828857421875 | 257925.4938622917
10.4 | 104.828857421875 | 257925.51054300007
10.4 | 104.844482421875 | 257925.5272237084
10.4 | 104.844482421875 | 257925.54390441673
10.4 | 104.860107421875 | 257925.56058512506
10.4 | 107.547607421875 | 257925.5772658334
10.4 | 107.797607421875 | 257925.59394654172
10.4 | 107.985107421875 | 257925.61062725005
10.4 | 108.203857421875 | 257925.62730795838
26.599999999999998 | 108.485107421875 | 257925.64398866674
26.599999999999998 | 108.844482421875 | 257925.66066937507
26.599999999999998 | 109.235107421875 | 257925.6773500834
26.599999999999998 | 111.625732421875 | 257925.69403079172
26.599999999999998 | 111.969482421875 | 257925.71071150005
26.599999999999998 | 111.969482421875 | 257925.72739220838
26.599999999999998 | 111.969482421875 | 257925.7440729167
38.699999999999996 | 111.969482421875 | 257925.76075362504
38.699999999999996 | 111.969482421875 | 257925.7774343334
38.699999999999996 | 111.969482421875 | 257925.79411504173
38.699999999999996 | 111.969482421875 | 257925.81079575006
38.699999999999996 | 111.969482421875 | 257925.8274764584
38.699999999999996 | 111.969482421875 | 257925.84415716672
38.699999999999996 | 111.969482421875 | 257925.86083787505
38.699999999999996 | 111.969482421875 | 257925.87751858338
24.5 | 111.969482421875 | 257925.8941992917
24.5 | 111.969482421875 | 257925.91088000007
24.5 | 111.969482421875 | 257925.9275607084
24.5 | 111.969482421875 | 257925.94424141673
24.5 | 111.969482421875 | 257925.96092212506
24.5 | 111.969482421875 | 257925.9776028334
24.5 | 111.969482421875 | 257925.99428354172
15.500000000000002 | 111.969482421875 | 257926.01096425005
15.500000000000002 | 111.969482421875 | 257926.02764495838
15.500000000000002 | 111.969482421875 | 257926.04432566673
15.500000000000002 | 111.969482421875 | 257926.06100637506
15.500000000000002 | 111.969482421875 | 257926.0776870834
15.500000000000002 | 111.969482421875 | 257926.09436779172
15.500000000000002 | 111.969482421875 | 257926.11104850005
15.500000000000002 | 111.969482421875 | 257926.12772920838
10.6 | 111.969482421875 | 257926.1444099167
10.6 | 111.969482421875 | 257926.16109062504
10.6 | 114.500732421875 | 257926.1777713334
10.6 | 114.547607421875 | 257926.19445204173
10.6 | 114.719482421875 | 257926.21113275006
10.6 | 114.875732421875 | 257926.2278134584
10.6 | 115.141357421875 | 257926.24449416672
33.6 | 115.485107421875 | 257926.26117487505
33.6 | 115.875732421875 | 257926.27785558338
33.6 | 118.063232421875 | 257926.2945362917
33.6 | 118.969482421875 | 257926.31121700007
33.6 | 119.094482421875 | 257926.3278977084
33.6 | 119.094482421875 | 257926.34457841673
33.6 | 119.094482421875 | 257926.36125912506
33.6 | 119.094482421875 | 257926.3779398334
36.9 | 119.094482421875 | 257926.39462054172
36.9 | 119.094482421875 | 257926.41130125005
36.9 | 119.094482421875 | 257926.4279819584
36.9 | 119.094482421875 | 257926.44466266673
36.9 | 119.094482421875 | 257926.46134337506
36.9 | 119.094482421875 | 257926.4780240834
36.9 | 119.094482421875 | 257926.49470479172
23.400000000000002 | 119.094482421875 | 257926.51138550005
23.400000000000002 | 119.094482421875 | 257926.52806620838
23.400000000000002 | 119.094482421875 | 257926.5447469167
23.400000000000002 | 119.094482421875 | 257926.56142762507
23.400000000000002 | 119.094482421875 | 257926.5781083334
23.400000000000002 | 119.094482421875 | 257926.59478904173
23.400000000000002 | 119.094482421875 | 257926.61146975006
23.400000000000002 | 119.094482421875 | 257926.6281504584
14.799999999999999 | 119.094482421875 | 257926.64483116672
14.799999999999999 | 119.094482421875 | 257926.66151187505
14.799999999999999 | 119.094482421875 | 257926.67819258338
14.799999999999999 | 119.094482421875 | 257926.69487329174
14.799999999999999 | 119.094482421875 | 257926.71155400007
14.799999999999999 | 119.094482421875 | 257926.7282347084
14.799999999999999 | 119.094482421875 | 257926.74491541673
10.2 | 119.094482421875 | 257926.76159612506
10.2 | 121.641357421875 | 257926.7782768334
10.2 | 121.719482421875 | 257926.79495754172
10.2 | 121.906982421875 | 257926.81163825004
10.2 | 122.110107421875 | 257926.8283189584
10.2 | 122.391357421875 | 257926.84499966673
10.2 | 122.735107421875 | 257926.86168037506
10.2 | 123.125732421875 | 257926.8783610834
41.7 | 125.422607421875 | 257926.89504179172
41.7 | 126.219482421875 | 257926.91172250005
41.7 | 126.219482421875 | 257926.92840320838
41.7 | 126.219482421875 | 257926.9450839167
41.7 | 126.219482421875 | 257926.96176462507
41.7 | 126.219482421875 | 257926.9784453334
41.7 | 126.219482421875 | 257926.99512604173
33.6 | 126.219482421875 | 257927.01180675006
33.6 | 126.235107421875 | 257927.0284874584
33.6 | 126.235107421875 | 257927.04516816672
33.6 | 126.235107421875 | 257927.06184887505
33.6 | 126.235107421875 | 257927.07852958338
33.6 | 126.235107421875 | 257927.09521029174
33.6 | 126.235107421875 | 257927.11189100007
33.6 | 126.235107421875 | 257927.1285717084
21.5 | 126.235107421875 | 257927.14525241673
21.5 | 126.235107421875 | 257927.16193312505
21.5 | 126.235107421875 | 257927.17861383338
21.5 | 126.235107421875 | 257927.1952945417
21.5 | 126.235107421875 | 257927.21197525004
21.5 | 126.235107421875 | 257927.2286559584
21.5 | 126.235107421875 | 257927.24533666673
13.7 | 126.235107421875 | 257927.26201737506
13.7 | 126.235107421875 | 257927.2786980834
13.7 | 126.235107421875 | 257927.29537879172
13.7 | 126.235107421875 | 257927.31205950005
13.7 | 126.235107421875 | 257927.32874020838
13.7 | 126.235107421875 | 257927.3454209167
13.7 | 126.235107421875 | 257927.36210162507
11.8 | 128.766357421875 | 257927.3787823334
11.8 | 128.828857421875 | 257927.39546304173
11.8 | 128.985107421875 | 257927.41214375006
11.8 | 129.375732421875 | 257927.4288244584
11.8 | 129.922607421875 | 257927.44550516672
11.8 | 130.625732421875 | 257927.46218587505
11.8 | 131.188232421875 | 257927.47886658338
11.8 | 132.516357421875 | 257927.49554729174
46.4 | 133.344482421875 | 257927.51222800007
46.4 | 133.344482421875 | 257927.5289087084
46.4 | 133.344482421875 | 257927.54558941672
46.4 | 133.344482421875 | 257927.56227012505
46.4 | 133.344482421875 | 257927.57895083338
46.4 | 133.344482421875 | 257927.5956315417
46.4 | 133.344482421875 | 257927.61231225004
46.4 | 133.344482421875 | 257927.6289929584
30.400000000000002 | 133.344482421875 | 257927.64567366673
30.400000000000002 | 133.344482421875 | 257927.66235437506
30.400000000000002 | 133.344482421875 | 257927.6790350834
30.400000000000002 | 133.344482421875 | 257927.69571579172
30.400000000000002 | 133.344482421875 | 257927.71239650005
30.400000000000002 | 133.344482421875 | 257927.72907720838
30.400000000000002 | 133.344482421875 | 257927.7457579167
19.2 | 133.344482421875 | 257927.76243862507
19.2 | 133.344482421875 | 257927.7791193334
19.2 | 133.344482421875 | 257927.79580004173
19.2 | 133.344482421875 | 257927.81248075006
19.2 | 133.344482421875 | 257927.8291614584
19.2 | 133.344482421875 | 257927.84584216672
19.2 | 133.344482421875 | 257927.86252287505
19.2 | 133.344482421875 | 257927.87920358338
12.3 | 133.344482421875 | 257927.89588429173
12.3 | 133.344482421875 | 257927.91256500006
12.3 | 133.344482421875 | 257927.9292457084
12.3 | 133.344482421875 | 257927.94592641672
12.3 | 133.344482421875 | 257927.96260712505
12.3 | 133.344482421875 | 257927.97928783338
12.3 | 133.344482421875 | 257927.9959685417
8.6 | 133.344482421875 | 257928.01264925004
8.6 | 135.860107421875 | 257928.0293299584
8.6 | 135.922607421875 | 257928.04601066673
8.6 | 136.141357421875 | 257928.06269137506
8.6 | 136.391357421875 | 257928.0793720834
8.6 | 136.641357421875 | 257928.09605279172
8.6 | 136.985107421875 | 257928.11273350005
8.6 | 137.547607421875 | 257928.12941420838
39.8 | 139.547607421875 | 257928.14609491674
39.8 | 140.453857421875 | 257928.16277562507
39.8 | 140.469482421875 | 257928.1794563334
39.8 | 140.469482421875 | 257928.19613704173
39.8 | 140.469482421875 | 257928.21281775006
39.8 | 140.469482421875 | 257928.2294984584
39.8 | 140.469482421875 | 257928.24617916672
33.60000000000001 | 140.469482421875 | 257928.26285987505
33.60000000000001 | 140.469482421875 | 257928.2795405834
33.60000000000001 | 140.469482421875 | 257928.29622129173
33.60000000000001 | 140.469482421875 | 257928.31290200006
33.60000000000001 | 140.469482421875 | 257928.3295827084
33.60000000000001 | 140.469482421875 | 257928.34626341672
33.60000000000001 | 140.469482421875 | 257928.36294412505
33.60000000000001 | 140.469482421875 | 257928.37962483338
21.0 | 140.469482421875 | 257928.3963055417
21.0 | 140.469482421875 | 257928.41298625007
21.0 | 140.469482421875 | 257928.4296669584
21.0 | 140.469482421875 | 257928.44634766673
21.0 | 140.469482421875 | 257928.46302837506
21.0 | 140.469482421875 | 257928.4797090834
21.0 | 140.469482421875 | 257928.49638979172
13.499999999999998 | 140.469482421875 | 257928.51307050005
13.499999999999998 | 140.469482421875 | 257928.52975120838
13.499999999999998 | 140.469482421875 | 257928.54643191674
13.499999999999998 | 140.469482421875 | 257928.56311262507
13.499999999999998 | 140.469482421875 | 257928.5797933334
13.499999999999998 | 140.469482421875 | 257928.59647404173
13.499999999999998 | 140.469482421875 | 257928.61315475006
13.499999999999998 | 142.9538803100586 | 257928.62983545839
16.7 | 143.1101303100586 | 257928.64651616671
16.7 | 143.2976303100586 | 257928.66319687504
16.7 | 143.5476303100586 | 257928.6798775834
16.7 | 143.8601303100586 | 257928.69655829173
16.7 | 144.2351303100586 | 257928.71323900006
16.7 | 146.3289031982422 | 257928.7299197084
16.7 | 147.2195281982422 | 257928.74660041672
45.7 | 147.4382781982422 | 257928.76328112505
45.7 | 147.4382781982422 | 257928.77996183338
45.7 | 147.4382781982422 | 257928.7966425417
45.7 | 147.4382781982422 | 257928.81332325007
45.7 | 147.4382781982422 | 257928.8300039584
45.7 | 147.4382781982422 | 257928.84668466673
45.7 | 147.4382781982422 | 257928.86336537506
45.7 | 147.4382781982422 | 257928.8800460834
28.8 | 147.4382781982422 | 257928.89672679172
28.8 | 147.4382781982422 | 257928.91340750005
28.8 | 147.4382781982422 | 257928.93008820838
28.8 | 147.4382781982422 | 257928.94676891674
28.8 | 147.4382781982422 | 257928.96344962507
28.8 | 147.4382781982422 | 257928.9801303334
28.8 | 147.4382781982422 | 257928.99681104172
18.099999999999998 | 147.4382781982422 | 257929.01349175005
18.099999999999998 | 147.4382781982422 | 257929.03017245838
18.099999999999998 | 147.4382781982422 | 257929.0468531667
18.099999999999998 | 147.4382781982422 | 257929.06353387504
18.099999999999998 | 147.4382781982422 | 257929.0802145834
18.099999999999998 | 147.4382781982422 | 257929.09689529173
18.099999999999998 | 147.4539031982422 | 257929.11357600006
18.099999999999998 | 147.4539031982422 | 257929.1302567084
12.2 | 147.4539031982422 | 257929.14693741672
12.2 | 147.4539031982422 | 257929.16361812505
12.2 | 147.4539031982422 | 257929.18029883338
12.2 | 147.4539031982422 | 257929.1969795417
12.2 | 147.4539031982422 | 257929.21366025007
12.2 | 150.3445281982422 | 257929.2303409584
12.2 | 150.4851531982422 | 257929.24702166673
22.799999999999997 | 150.6570281982422 | 257929.26370237506
22.799999999999997 | 150.8914031982422 | 257929.2803830834
22.799999999999997 | 151.1882781982422 | 257929.29706379172
22.799999999999997 | 151.5632781982422 | 257929.31374450005
22.799999999999997 | 151.9539031982422 | 257929.33042520838
22.799999999999997 | 154.4226531982422 | 257929.34710591674
22.799999999999997 | 154.4695281982422 | 257929.36378662506
22.799999999999997 | 154.4695281982422 | 257929.3804673334
42.2 | 154.4695281982422 | 257929.39714804172
42.2 | 154.4695281982422 | 257929.41382875005
42.2 | 154.4695281982422 | 257929.43050945838
42.2 | 154.4695281982422 | 257929.4471901667
42.2 | 154.4695281982422 | 257929.46387087504
42.2 | 154.4695281982422 | 257929.4805515834
42.2 | 154.4695281982422 | 257929.49723229173
26.7 | 154.4695281982422 | 257929.51391300006
26.7 | 154.4695281982422 | 257929.5305937084
26.7 | 154.4695281982422 | 257929.54727441672
26.7 | 154.4695281982422 | 257929.56395512505
26.7 | 154.4695281982422 | 257929.58063583338
26.7 | 154.4695281982422 | 257929.5973165417
26.7 | 154.4695281982422 | 257929.61399725007
26.7 | 154.4695281982422 | 257929.6306779584
17.0 | 154.4695281982422 | 257929.64735866673
17.0 | 154.4695281982422 | 257929.66403937506
17.0 | 154.4695281982422 | 257929.6807200834
17.0 | 154.4695281982422 | 257929.69740079172
17.0 | 154.4695281982422 | 257929.71408150005
17.0 | 154.4695281982422 | 257929.7307622084
17.0 | 154.5007781982422 | 257929.74744291673
11.4 | 154.5007781982422 | 257929.76412362506
11.4 | 154.5007781982422 | 257929.7808043334
11.4 | 154.5164031982422 | 257929.79748504172
11.4 | 154.5632781982422 | 257929.81416575005
11.4 | 157.6414031982422 | 257929.83084645838
11.4 | 157.8914031982422 | 257929.8475271667
11.4 | 158.0789031982422 | 257929.86420787507
11.4 | 158.3289031982422 | 257929.8808885834
31.900000000000002 | 158.6414031982422 | 257929.89756929173
31.900000000000002 | 159.0007781982422 | 257929.91425000006
31.900000000000002 | 161.2820281982422 | 257929.9309307084
31.900000000000002 | 161.4695281982422 | 257929.94761141672
31.900000000000002 | 161.4695281982422 | 257929.96429212505
31.900000000000002 | 161.4695281982422 | 257929.98097283338
31.900000000000002 | 161.4695281982422 | 257929.99765354174
33.9 | 161.4695281982422 | 257930.01433425007
33.9 | 161.4695281982422 | 257930.0310149584
33.9 | 161.4695281982422 | 257930.04769566673
33.9 | 161.4695281982422 | 257930.06437637506
33.9 | 161.4695281982422 | 257930.0810570834
33.9 | 161.4695281982422 | 257930.09773779172
33.9 | 161.4695281982422 | 257930.11441850004
33.9 | 161.4695281982422 | 257930.1310992084
21.7 | 161.4695281982422 | 257930.14777991673
21.7 | 161.4695281982422 | 257930.16446062506
21.7 | 161.4695281982422 | 257930.1811413334
21.7 | 161.4695281982422 | 257930.19782204172
21.7 | 161.4695281982422 | 257930.21450275005
21.7 | 161.4695281982422 | 257930.23118345838
21.7 | 161.4695281982422 | 257930.2478641667
13.8 | 161.4695281982422 | 257930.26454487507
13.8 | 161.4695281982422 | 257930.2812255834
13.8 | 161.4695281982422 | 257930.29790629173
13.8 | 161.4695281982422 | 257930.31458700006
13.8 | 161.4695281982422 | 257930.3312677084
13.8 | 161.4695281982422 | 257930.34794841672
13.8 | 161.4695281982422 | 257930.36462912505
13.8 | 161.4851531982422 | 257930.38130983338
9.6 | 164.0945281982422 | 257930.39799054174
9.6 | 164.2039031982422 | 257930.41467125007
9.6 | 164.4070281982422 | 257930.4313519584
9.6 | 164.6414031982422 | 257930.44803266673
9.6 | 164.9539031982422 | 257930.46471337505
9.6 | 165.3289031982422 | 257930.48139408338
9.6 | 165.7507781982422 | 257930.4980747917
45.10000000000001 | 168.2976531982422 | 257930.51475550004
45.10000000000001 | 168.8132781982422 | 257930.5314362084
45.10000000000001 | 168.8132781982422 | 257930.54811691673
45.10000000000001 | 168.8132781982422 | 257930.56479762506
45.10000000000001 | 168.8132781982422 | 257930.5814783334
45.10000000000001 | 168.8132781982422 | 257930.59815904172
45.10000000000001 | 168.8132781982422 | 257930.61483975005
45.10000000000001 | 168.8132781982422 | 257930.63152045838
32.5 | 168.8132781982422 | 257930.6482011667
32.5 | 168.8132781982422 | 257930.66488187507
32.5 | 168.8132781982422 | 257930.6815625834
32.5 | 168.8289031982422 | 257930.69824329173
32.5 | 168.8289031982422 | 257930.71492400006
32.5 | 168.8289031982422 | 257930.7316047084
32.5 | 168.8289031982422 | 257930.74828541672
20.400000000000002 | 168.8289031982422 | 257930.76496612505
20.400000000000002 | 168.8289031982422 | 257930.78164683338
20.400000000000002 | 168.8289031982422 | 257930.79832754174
20.400000000000002 | 168.8289031982422 | 257930.81500825007
20.400000000000002 | 168.8289031982422 | 257930.8316889584
20.400000000000002 | 168.8289031982422 | 257930.84836966672
20.400000000000002 | 168.8289031982422 | 257930.86505037505
20.400000000000002 | 168.8289031982422 | 257930.88173108338
13.399999999999999 | 168.8289031982422 | 257930.8984117917
13.399999999999999 | 168.8289031982422 | 257930.91509250004
13.399999999999999 | 168.8289031982422 | 257930.9317732084
13.399999999999999 | 168.8289031982422 | 257930.94845391673
13.399999999999999 | 168.8289031982422 | 257930.96513462506
13.399999999999999 | 168.8289031982422 | 257930.9818153334
13.399999999999999 | 168.8289031982422 | 257930.99849604172
9.100000000000001 | 168.8289031982422 | 257931.01517675005
9.100000000000001 | 168.8289031982422 | 257931.03185745838
9.100000000000001 | 171.3132781982422 | 257931.0485381667
9.100000000000001 | 171.4226531982422 | 257931.06521887507
9.100000000000001 | 171.6257781982422 | 257931.0818995834
9.100000000000001 | 171.8757781982422 | 257931.09858029173
9.100000000000001 | 172.1726531982422 | 257931.11526100006
9.100000000000001 | 172.5476531982422 | 257931.1319417084
40.2 | 174.6570281982422 | 257931.14862241672
40.2 | 175.5476531982422 | 257931.16530312505
40.2 | 175.7351531982422 | 257931.18198383338
40.2 | 175.7351531982422 | 257931.19866454173
40.2 | 175.7351531982422 | 257931.21534525006
40.2 | 175.7664031982422 | 257931.2320259584
40.2 | 175.7664031982422 | 257931.24870666672
33.4 | 175.7664031982422 | 257931.26538737505
33.4 | 175.7664031982422 | 257931.28206808338
33.4 | 175.7664031982422 | 257931.2987487917
33.4 | 175.7664031982422 | 257931.31542950004
33.4 | 175.7664031982422 | 257931.3321102084
33.4 | 175.7664031982422 | 257931.34879091673
33.4 | 175.7664031982422 | 257931.36547162506
33.4 | 175.7664031982422 | 257931.3821523334
21.400000000000002 | 175.7664031982422 | 257931.39883304172
21.400000000000002 | 175.7664031982422 | 257931.41551375005
21.400000000000002 | 57.266334533691406 | 257931.43219445838
21.400000000000002 | 57.266334533691406 | 257931.44887516674
21.400000000000002 | 57.266334533691406 | 257931.46555587507
21.400000000000002 | 57.266334533691406 | 257931.4822365834
21.400000000000002 | 57.266334533691406 | 257931.49891729173
17.099999999999998 | 57.266334533691406 | 257931.51559800006
17.099999999999998 | 57.266334533691406 | 257931.5322787084
17.099999999999998 | 57.266334533691406 | 257931.54895941672
17.099999999999998 | 57.266334533691406 | 257931.56564012505
17.099999999999998 | 57.266334533691406 | 257931.5823208334
17.099999999999998 | 57.266334533691406 | 257931.59900154173
17.099999999999998 | 57.266334533691406 | 257931.61568225006
17.099999999999998 | 57.266334533691406 | 257931.6323629584
11.400000000000002 | 59.719459533691406 | 257931.64904366672
11.400000000000002 | 59.813209533691406 | 257931.66572437505
11.400000000000002 | 60.016334533691406 | 257931.68240508338
11.400000000000002 | 60.235084533691406 | 257931.6990857917
11.400000000000002 | 60.547584533691406 | 257931.71576650007
11.400000000000002 | 60.906959533691406 | 257931.7324472084
11.400000000000002 | 61.313209533691406 | 257931.74912791673
46.199999999999996 | 63.766334533691406 | 257931.76580862506
46.199999999999996 | 64.2038345336914 | 257931.7824893334
46.199999999999996 | 64.2038345336914 | 257931.79917004172
46.199999999999996 | 64.2038345336914 | 257931.81585075005
46.199999999999996 | 64.2038345336914 | 257931.83253145838
46.199999999999996 | 64.2038345336914 | 257931.84921216674
46.199999999999996 | 64.2038345336914 | 257931.86589287507
46.199999999999996 | 64.2038345336914 | 257931.8825735834
32.7 | 64.2038345336914 | 257931.89925429173
32.7 | 64.2038345336914 | 257931.91593500006
32.7 | 64.2038345336914 | 257931.93261570839
32.7 | 64.2038345336914 | 257931.94929641671
32.7 | 64.2038345336914 | 257931.96597712504
32.7 | 64.2038345336914 | 257931.9826578334
32.7 | 64.2038345336914 | 257931.99933854173
20.5 | 64.2038345336914 | 257932.01601925006
20.5 | 64.2038345336914 | 257932.0326999584
20.5 | 64.2038345336914 | 257932.04938066672
20.5 | 64.2038345336914 | 257932.06606137505
20.5 | 64.2038345336914 | 257932.08274208338
20.5 | 64.2038345336914 | 257932.0994227917
20.5 | 64.2038345336914 | 257932.11610350007
20.5 | 64.2038345336914 | 257932.1327842084
13.4 | 64.2038345336914 | 257932.14946491673
13.4 | 64.2038345336914 | 257932.16614562506
13.4 | 64.2038345336914 | 257932.1828263334
13.4 | 64.2038345336914 | 257932.19950704172
13.4 | 64.2038345336914 | 257932.21618775005
13.4 | 64.2038345336914 | 257932.23286845838
13.4 | 64.2038345336914 | 257932.24954916674
9.6 | 64.2194595336914 | 257932.26622987507
9.6 | 66.7975845336914 | 257932.2829105834
9.6 | 66.9694595336914 | 257932.29959129172
9.6 | 67.1569595336914 | 257932.31627200005
9.6 | 67.4382095336914 | 257932.33295270838
9.6 | 67.7663345336914 | 257932.3496334167
9.6 | 68.1569595336914 | 257932.36631412504
9.6 | 70.3444595336914 | 257932.3829948334
46.400000000000006 | 71.2819595336914 | 257932.39967554173
46.400000000000006 | 71.3444595336914 | 257932.41635625006
46.400000000000006 | 71.3444595336914 | 257932.4330369584
46.400000000000006 | 71.3444595336914 | 257932.44971766672
46.400000000000006 | 71.3444595336914 | 257932.46639837505
46.400000000000006 | 71.3444595336914 | 257932.48307908338
46.400000000000006 | 71.3444595336914 | 257932.4997597917
31.8 | 71.3444595336914 | 257932.51644050007
31.8 | 71.3444595336914 | 257932.5331212084
31.8 | 71.3444595336914 | 257932.54980191673
31.8 | 71.3444595336914 | 257932.56648262506
31.8 | 71.3444595336914 | 257932.5831633334
31.8 | 71.3444595336914 | 257932.59984404172
31.8 | 71.3444595336914 | 257932.61652475005
31.8 | 71.3444595336914 | 257932.63320545838
20.1 | 71.3444595336914 | 257932.64988616674
20.1 | 71.3444595336914 | 257932.66656687506
20.1 | 71.3444595336914 | 257932.6832475834
20.1 | 71.3444595336914 | 257932.69992829172
20.1 | 71.3444595336914 | 257932.71660900005
20.1 | 71.3444595336914 | 257932.73328970838
20.1 | 71.3444595336914 | 257932.7499704167
13.3 | 71.3444595336914 | 257932.76665112504
13.3 | 71.3444595336914 | 257932.7833318334
13.3 | 71.3444595336914 | 257932.80001254173
13.3 | 71.3444595336914 | 257932.81669325006
13.3 | 71.3444595336914 | 257932.8333739584
13.3 | 73.9538345336914 | 257932.85005466672
13.3 | 74.0944595336914 | 257932.86673537505
13.3 | 74.2975845336914 | 257932.88341608338
29.199999999999996 | 74.5632095336914 | 257932.9000967917
29.199999999999996 | 74.8913345336914 | 257932.91677750007
29.199999999999996 | 75.2819595336914 | 257932.9334582084
29.199999999999996 | 77.5007095336914 | 257932.95013891673
29.199999999999996 | 78.4225845336914 | 257932.96681962506
29.199999999999996 | 78.5163345336914 | 257932.9835003334
29.199999999999996 | 78.5163345336914 | 257933.00018104172
40.2 | 78.5163345336914 | 257933.01686175005
40.2 | 78.5163345336914 | 257933.03354245838
40.2 | 78.5163345336914 | 257933.05022316673
40.2 | 78.5163345336914 | 257933.06690387506
40.2 | 78.5163345336914 | 257933.0835845834
40.2 | 78.5163345336914 | 257933.10026529172
40.2 | 78.5163345336914 | 257933.11694600005
40.2 | 78.5163345336914 | 257933.13362670838
25.5 | 78.5163345336914 | 257933.1503074167
25.5 | 78.5163345336914 | 257933.16698812507
25.5 | 78.5163345336914 | 257933.1836688334
25.5 | 78.5163345336914 | 257933.20034954173
25.5 | 78.5163345336914 | 257933.21703025006
25.5 | 78.5163345336914 | 257933.2337109584
25.5 | 78.5163345336914 | 257933.25039166672
16.3 | 78.5163345336914 | 257933.26707237505
16.3 | 78.5163345336914 | 257933.28375308338
16.3 | 78.5163345336914 | 257933.30043379174
16.3 | 78.5163345336914 | 257933.31711450007
16.3 | 78.5163345336914 | 257933.3337952084
16.3 | 78.5163345336914 | 257933.35047591673
16.3 | 78.5163345336914 | 257933.36715662506
16.3 | 78.5163345336914 | 257933.3838373334
11.1 | 78.5163345336914 | 257933.40051804172
11.1 | 78.5163345336914 | 257933.41719875004
11.1 | 81.0163345336914 | 257933.4338794584
11.1 | 81.1882095336914 | 257933.45056016673
11.1 | 81.3757095336914 | 257933.46724087506
11.1 | 81.6257095336914 | 257933.4839215834
11.1 | 81.9382095336914 | 257933.50060229172
38.9 | 82.3288345336914 | 257933.51728300005
38.9 | 84.4382095336914 | 257933.53396370838
38.9 | 85.3600845336914 | 257933.5506444167
38.9 | 85.4538345336914 | 257933.56732512507
38.9 | 85.4538345336914 | 257933.5840058334
38.9 | 85.4538345336914 | 257933.60068654173
38.9 | 85.4538345336914 | 257933.61736725006
--- NEW BENCHMARK RUN ---

CPU | Memory (MB) | Timestamp
---
44.6 | 137.110107421875 | 261195.72763275006
44.6 | 137.110107421875 | 261195.74432112506
30.5 | 137.110107421875 | 261195.76100950007
30.5 | 137.110107421875 | 261195.77769787505
30.5 | 137.110107421875 | 261195.79438625005
30.5 | 137.110107421875 | 261195.81107462506
30.5 | 137.110107421875 | 261195.82776300007
30.5 | 137.110107421875 | 261195.84445137504
30.5 | 137.110107421875 | 261195.86113975005
19.1 | 137.110107421875 | 261195.87782812506
19.1 | 137.110107421875 | 261195.89451650006
19.1 | 137.110107421875 | 261195.91120487507
19.1 | 137.110107421875 | 261195.92789325005
19.1 | 137.110107421875 | 261195.94458162505
19.1 | 137.110107421875 | 261195.96127000006
19.1 | 137.110107421875 | 261195.97795837506
19.1 | 137.110107421875 | 261195.99464675007
12.299999999999999 | 137.110107421875 | 261196.01133512505
12.299999999999999 | 137.110107421875 | 261196.02802350005
12.299999999999999 | 137.110107421875 | 261196.04471187506
12.299999999999999 | 137.125732421875 | 261196.06140025007
12.299999999999999 | 137.125732421875 | 261196.07808862504
12.299999999999999 | 137.125732421875 | 261196.09477700005
12.299999999999999 | 140.094482421875 | 261196.11146537506
12.900000000000002 | 140.250732421875 | 261196.12815375006
12.900000000000002 | 140.438232421875 | 261196.14484212507
12.900000000000002 | 140.656982421875 | 261196.16153050005
12.900000000000002 | 140.938232421875 | 261196.17821887505
12.900000000000002 | 141.313232421875 | 261196.19490725006
12.900000000000002 | 142.344482421875 | 261196.21159562506
12.900000000000002 | 144.438232421875 | 261196.22828400007
12.900000000000002 | 145.391357421875 | 261196.24497237505
46.60000000000001 | 145.625732421875 | 261196.26166075005
46.60000000000001 | 145.625732421875 | 261196.27834912506
46.60000000000001 | 145.625732421875 | 261196.29503750007
46.60000000000001 | 145.625732421875 | 261196.31172587507
46.60000000000001 | 145.625732421875 | 261196.32841425005
46.60000000000001 | 145.656982421875 | 261196.34510262506
46.60000000000001 | 145.656982421875 | 261196.36179100006
29.5 | 145.656982421875 | 261196.37847937507
29.5 | 145.656982421875 | 261196.39516775004
29.5 | 145.656982421875 | 261196.41185612505
29.5 | 145.656982421875 | 261196.42854450006
29.5 | 145.656982421875 | 261196.44523287506
29.5 | 145.656982421875 | 261196.46192125007
29.5 | 145.656982421875 | 261196.47860962505
29.5 | 145.656982421875 | 261196.49529800005
18.5 | 145.656982421875 | 261196.51198637506
18.5 | 145.656982421875 | 261196.52867475006
18.5 | 145.656982421875 | 261196.54536312507
18.5 | 145.656982421875 | 261196.56205150005
18.5 | 145.656982421875 | 261196.57873987505
18.5 | 145.656982421875 | 261196.59542825006
18.5 | 145.656982421875 | 261196.61211662507
11.899999999999999 | 145.656982421875 | 261196.62880500004
11.899999999999999 | 145.656982421875 | 261196.64549337505
11.899999999999999 | 145.656982421875 | 261196.66218175006
11.899999999999999 | 145.656982421875 | 261196.67887012506
11.899999999999999 | 145.656982421875 | 261196.69555850007
11.899999999999999 | 145.656982421875 | 261196.71224687505
11.899999999999999 | 145.656982421875 | 261196.72893525005
11.899999999999999 | 145.656982421875 | 261196.74562362506
8.7 | 151.422607421875 | 261196.76231200006
8.7 | 151.422607421875 | 261196.77900037507
8.7 | 151.422607421875 | 261196.79568875005
8.7 | 151.422607421875 | 261196.81237712505
8.7 | 151.422607421875 | 261196.82906550006
8.7 | 151.422607421875 | 261196.84575387507
8.7 | 151.719482421875 | 261196.86244225004
41.900000000000006 | 153.563232421875 | 261196.87913062505
41.900000000000006 | 154.031982421875 | 261196.89581900006
41.900000000000006 | 154.203857421875 | 261196.91250737506
41.900000000000006 | 154.203857421875 | 261196.92919575007
41.900000000000006 | 154.203857421875 | 261196.94588412505
41.900000000000006 | 154.203857421875 | 261196.96257250005
41.900000000000006 | 154.203857421875 | 261196.97926087506
41.900000000000006 | 154.203857421875 | 261196.99594925006
33.9 | 154.203857421875 | 261197.01263762507
33.9 | 154.203857421875 | 261197.02932600005
33.9 | 154.203857421875 | 261197.04601437505
33.9 | 154.203857421875 | 261197.06270275006
33.9 | 154.203857421875 | 261197.07939112507
33.9 | 154.203857421875 | 261197.09607950004
33.9 | 154.203857421875 | 261197.11276787505
21.1 | 154.203857421875 | 261197.12945625006
21.1 | 154.203857421875 | 261197.14614462506
21.1 | 154.203857421875 | 261197.16283300007
21.1 | 154.203857421875 | 261197.17952137504
21.1 | 154.203857421875 | 261197.19620975005
21.1 | 154.203857421875 | 261197.21289812506
21.1 | 154.203857421875 | 261197.22958650006
21.1 | 154.203857421875 | 261197.24627487507
13.4 | 154.203857421875 | 261197.26296325005
13.4 | 154.203857421875 | 261197.27965162505
13.4 | 154.203857421875 | 261197.29634000006
13.4 | 154.203857421875 | 261197.31302837507
13.4 | 154.203857421875 | 261197.32971675007
13.4 | 154.203857421875 | 261197.34640512505
13.4 | 154.203857421875 | 261197.36309350005
9.3 | 154.203857421875 | 261197.37978187506
9.3 | 154.203857421875 | 261197.39647025007
9.3 | 154.203857421875 | 261197.41315862504
9.3 | 157.094482421875 | 261197.42984700005
9.3 | 157.250732421875 | 261197.44653537506
9.3 | 157.485107421875 | 261197.46322375006
9.3 | 158.016357421875 | 261197.47991212507
9.3 | 158.688232421875 | 261197.49660050005
36.6 | 159.485107421875 | 261197.51328887505
36.6 | 160.906982421875 | 261197.52997725006
36.6 | 161.860107421875 | 261197.54666562506
36.6 | 162.453857421875 | 261197.56335400007
36.6 | 162.453857421875 | 261197.58004237505
36.6 | 162.453857421875 | 261197.59673075005
36.6 | 162.453857421875 | 261197.61341912506
37.400000000000006 | 162.453857421875 | 261197.63010750007
37.400000000000006 | 162.453857421875 | 261197.64679587504
37.400000000000006 | 162.469482421875 | 261197.66348425005
37.400000000000006 | 162.469482421875 | 261197.68017262506
37.400000000000006 | 162.469482421875 | 261197.69686100006
37.400000000000006 | 162.469482421875 | 261197.71354937507
37.400000000000006 | 162.469482421875 | 261197.73023775005
37.400000000000006 | 162.469482421875 | 261197.74692612505
23.7 | 162.469482421875 | 261197.76361450006
23.7 | 162.469482421875 | 261197.78030287506
23.7 | 162.469482421875 | 261197.79699125007
23.7 | 162.469482421875 | 261197.81367962505
23.7 | 162.469482421875 | 261197.83036800005
23.7 | 162.469482421875 | 261197.84705637506
23.7 | 162.469482421875 | 261197.86374475007
14.8 | 162.469482421875 | 261197.88043312504
14.8 | 162.469482421875 | 261197.89712150005
14.8 | 162.469482421875 | 261197.91380987506
14.8 | 162.469482421875 | 261197.93049825006
14.8 | 162.469482421875 | 261197.94718662507
14.8 | 162.469482421875 | 261197.96387500004
14.8 | 162.469482421875 | 261197.98056337505
14.8 | 162.469482421875 | 261197.99725175006
9.9 | 162.469482421875 | 261198.01394012506
9.9 | 162.469482421875 | 261198.03062850007
9.9 | 162.469482421875 | 261198.04731687505
9.9 | 162.469482421875 | 261198.06400525005
9.9 | 168.5163803100586 | 261198.08069362506
9.9 | 168.5163803100586 | 261198.09738200007
9.9 | 168.5163803100586 | 261198.11407037507
27.3 | 168.5163803100586 | 261198.13075875005
27.3 | 168.5163803100586 | 261198.14744712505
27.3 | 168.5163803100586 | 261198.16413550006
27.3 | 170.6570053100586 | 261198.18082387507
27.3 | 171.1570053100586 | 261198.19751225004
27.3 | 171.3601303100586 | 261198.21420062505
27.3 | 171.3601303100586 | 261198.23088900006
27.3 | 171.3601303100586 | 261198.24757737506
40.2 | 171.3601303100586 | 261198.26426575007
40.2 | 171.3601303100586 | 261198.28095412505
40.2 | 171.3601303100586 | 261198.29764250005
40.2 | 171.3601303100586 | 261198.31433087506
40.2 | 171.3601303100586 | 261198.33101925006
40.2 | 171.3601303100586 | 261198.34770762507
40.2 | 171.3601303100586 | 261198.36439600005
25.5 | 171.3601303100586 | 261198.38108437505
25.5 | 171.3601303100586 | 261198.39777275006
25.5 | 171.3601303100586 | 261198.41446112507
25.5 | 171.3601303100586 | 261198.43114950004
25.5 | 171.3601303100586 | 261198.44783787505
25.5 | 171.3601303100586 | 261198.46452625006
25.5 | 171.3601303100586 | 261198.48121462506
25.5 | 171.3601303100586 | 261198.49790300007
16.4 | 171.3601303100586 | 261198.51459137505
16.4 | 171.3601303100586 | 261198.53127975005
16.4 | 171.3601303100586 | 261198.54796812506
16.4 | 171.4382553100586 | 261198.56465650006
16.4 | 171.4382553100586 | 261198.58134487507
16.4 | 171.4382553100586 | 261198.59803325005
16.4 | 171.4382553100586 | 261198.61472162505
10.7 | 171.4382553100586 | 261198.63141000006
10.7 | 171.4382553100586 | 261198.64809837507
10.7 | 171.4382553100586 | 261198.66478675004
10.7 | 171.4382553100586 | 261198.68147512505
10.7 | 171.4382553100586 | 261198.69816350006
10.7 | 171.4382553100586 | 261198.71485187506
10.7 | 171.4382553100586 | 261198.73154025007
9.5 | 57.31318664550781 | 261198.74822862505
9.5 | 57.31318664550781 | 261198.76491700005
9.5 | 57.31318664550781 | 261198.78160537506
9.5 | 57.31318664550781 | 261198.79829375006
9.5 | 57.31318664550781 | 261198.81498212507
9.5 | 57.31318664550781 | 261198.83167050005
9.5 | 57.31318664550781 | 261198.84835887505
9.5 | 57.31318664550781 | 261198.86504725006
8.200000000000001 | 57.31318664550781 | 261198.88173562507
8.200000000000001 | 57.31318664550781 | 261198.89842400007
8.200000000000001 | 57.31318664550781 | 261198.91511237505
8.200000000000001 | 57.31318664550781 | 261198.93180075006
8.200000000000001 | 57.31318664550781 | 261198.94848912506
8.200000000000001 | 57.31318664550781 | 261198.96517750007
8.200000000000001 | 60.81318664550781 | 261198.98186587504
8.200000000000001 | 61.09443664550781 | 261198.99855425005
16.2 | 61.45381164550781 | 261199.01524262506
16.2 | 61.70381164550781 | 261199.03193100006
16.2 | 62.01631164550781 | 261199.04861937507
16.2 | 62.42256164550781 | 261199.06530775005
16.2 | 64.40693664550781 | 261199.08199612505
16.2 | 65.39131164550781 | 261199.09868450006
16.2 | 66.26631164550781 | 261199.11537287507
44.800000000000004 | 65.89131164550781 | 261199.13206125007
44.800000000000004 | 65.89131164550781 | 261199.14874962505
44.800000000000004 | 65.89131164550781 | 261199.16543800005
44.800000000000004 | 65.89131164550781 | 261199.18212637506
44.800000000000004 | 65.89131164550781 | 261199.19881475007
44.800000000000004 | 65.89131164550781 | 261199.21550312504
44.800000000000004 | 65.89131164550781 | 261199.23219150005
44.800000000000004 | 65.89131164550781 | 261199.24887987506
28.300000000000004 | 65.89131164550781 | 261199.26556825006
28.300000000000004 | 65.89131164550781 | 261199.28225662507
28.300000000000004 | 65.89131164550781 | 261199.29894500005
28.300000000000004 | 65.89131164550781 | 261199.31563337505
28.300000000000004 | 65.89131164550781 | 261199.33232175006
28.300000000000004 | 65.89131164550781 | 261199.34901012506
28.300000000000004 | 65.89131164550781 | 261199.36569850007
17.8 | 65.89131164550781 | 261199.38238687505
17.8 | 65.89131164550781 | 261199.39907525005
17.8 | 65.89131164550781 | 261199.41576362506
17.8 | 65.89131164550781 | 261199.43245200007
17.8 | 65.89131164550781 | 261199.44914037504
17.8 | 65.89131164550781 | 261199.46582875005
17.8 | 65.89131164550781 | 261199.48251712506
17.8 | 65.89131164550781 | 261199.49920550006
11.3 | 65.89131164550781 | 261199.51589387507
11.3 | 65.89131164550781 | 261199.53258225005
11.3 | 65.89131164550781 | 261199.54927062505
11.3 | 65.89131164550781 | 261199.56595900006
11.3 | 65.89131164550781 | 261199.58264737506
11.3 | 65.89131164550781 | 261199.59933575007
11.3 | 65.89131164550781 | 261199.61602412505
8.0 | 65.89131164550781 | 261199.63271250005
8.0 | 65.89131164550781 | 261199.64940087506
8.0 | 71.59443664550781 | 261199.66608925007
8.0 | 71.59443664550781 | 261199.68277762504
8.0 | 71.59443664550781 | 261199.69946600005
8.0 | 71.59443664550781 | 261199.71615437506
8.0 | 71.59443664550781 | 261199.73284275006
8.0 | 71.59443664550781 | 261199.74953112507
34.3 | 73.32881164550781 | 261199.76621950004
34.3 | 73.81318664550781 | 261199.78290787505
34.3 | 74.28193664550781 | 261199.79959625006
34.3 | 74.32881164550781 | 261199.81628462506
34.3 | 74.32881164550781 | 261199.83297300007
34.3 | 74.32881164550781 | 261199.84966137505
34.3 | 74.32881164550781 | 261199.86634975005
35.9 | 74.32881164550781 | 261199.88303812506
35.9 | 74.32881164550781 | 261199.89972650007
35.9 | 74.32881164550781 | 261199.91641487507
35.9 | 74.32881164550781 | 261199.93310325005
35.9 | 74.32881164550781 | 261199.94979162505
35.9 | 74.32881164550781 | 261199.96648000006
35.9 | 74.32881164550781 | 261199.98316837507
35.9 | 74.32881164550781 | 261199.99985675004
22.8 | 74.32881164550781 | 261200.01654512505
22.8 | 74.32881164550781 | 261200.03323350006
22.8 | 74.32881164550781 | 261200.04992187506
22.8 | 74.32881164550781 | 261200.06661025007
22.8 | 74.32881164550781 | 261200.08329862505
22.8 | 74.32881164550781 | 261200.09998700005
22.8 | 74.32881164550781 | 261200.11667537506
14.299999999999999 | 74.32881164550781 | 261200.13336375006
14.299999999999999 | 74.32881164550781 | 261200.15005212507
14.299999999999999 | 74.32881164550781 | 261200.16674050005
14.299999999999999 | 74.32881164550781 | 261200.18342887505
14.299999999999999 | 74.32881164550781 | 261200.20011725006
14.299999999999999 | 74.32881164550781 | 261200.21680562507
14.299999999999999 | 74.32881164550781 | 261200.23349400004
14.299999999999999 | 74.32881164550781 | 261200.24575616673
9.6 | 74.32881164550781 | 261200.26243379174
9.6 | 74.32881164550781 | 261200.27911141672
9.6 | 74.32881164550781 | 261200.29578904173
9.6 | 74.32881164550781 | 261200.3124666667
9.6 | 74.32881164550781 | 261200.32914429173
9.6 | 79.90693664550781 | 261200.34582191674
9.6 | 79.90693664550781 | 261200.36249954172
20.3 | 79.90693664550781 | 261200.37917716673
20.3 | 79.90693664550781 | 261200.3958547917
20.3 | 79.90693664550781 | 261200.41253241673
20.3 | 79.90693664550781 | 261200.42921004174
20.3 | 81.64131164550781 | 261200.44588766672
20.3 | 82.12568664550781 | 261200.46256529173
20.3 | 82.57881164550781 | 261200.4792429167
20.3 | 82.57881164550781 | 261200.49592054173
43.300000000000004 | 82.57881164550781 | 261200.51259816674
43.300000000000004 | 82.57881164550781 | 261200.52927579172
43.300000000000004 | 82.57881164550781 | 261200.54595341673
43.300000000000004 | 82.57881164550781 | 261200.5626310417
43.300000000000004 | 82.57881164550781 | 261200.57930866673
43.300000000000004 | 82.57881164550781 | 261200.59598629174
43.300000000000004 | 82.57881164550781 | 261200.61266391672
27.4 | 82.57881164550781 | 261200.62934154173
27.4 | 82.57881164550781 | 261200.6460191667
27.4 | 82.57881164550781 | 261200.66269679173
27.4 | 82.57881164550781 | 261200.67937441674
27.4 | 82.57881164550781 | 261200.69605204172
27.4 | 82.57881164550781 | 261200.71272966673
27.4 | 82.57881164550781 | 261200.7294072917
27.4 | 82.57881164550781 | 261200.74608491673
17.4 | 82.57881164550781 | 261200.76276254174
17.4 | 82.57881164550781 | 261200.77944016672
17.4 | 82.57881164550781 | 261200.79611779173
17.4 | 82.57881164550781 | 261200.8127954167
17.4 | 82.57881164550781 | 261200.82947304173
17.4 | 82.57881164550781 | 261200.84615066674
17.4 | 82.57881164550781 | 261200.86282829172
10.899999999999999 | 82.57881164550781 | 261200.87950591673
10.899999999999999 | 82.57881164550781 | 261200.8961835417
10.899999999999999 | 82.57881164550781 | 261200.91286116673
10.899999999999999 | 82.57881164550781 | 261200.92953879174
10.899999999999999 | 82.57881164550781 | 261200.94621641672
10.899999999999999 | 82.57881164550781 | 261200.96289404173
10.899999999999999 | 82.57881164550781 | 261200.9795716667
10.899999999999999 | 82.57881164550781 | 261200.99624929173
8.9 | 85.67256164550781 | 261201.01292691674
8.9 | 85.89131164550781 | 261201.02960454172
8.9 | 86.17256164550781 | 261201.04628216673
8.9 | 86.53193664550781 | 261201.0629597917
8.9 | 87.00068664550781 | 261201.07963741673
8.9 | 89.32881164550781 | 261201.09631504174
8.9 | 90.31318664550781 | 261201.11299266672
44.1 | 91.21943664550781 | 261201.12967029173
44.1 | 91.23506164550781 | 261201.1463479167
44.1 | 91.23506164550781 | 261201.16302554173
44.1 | 91.23506164550781 | 261201.17970316674
44.1 | 91.23506164550781 | 261201.19638079172
44.1 | 91.23506164550781 | 261201.21305841673
44.1 | 91.23506164550781 | 261201.2297360417
44.1 | 91.23506164550781 | 261201.24641366673
28.0 | 91.23506164550781 | 261201.26309129174
28.0 | 91.23506164550781 | 261201.27976891672
28.0 | 91.23506164550781 | 261201.29644654173
28.0 | 91.23506164550781 | 261201.3131241667
28.0 | 91.23506164550781 | 261201.32980179173
28.0 | 91.23506164550781 | 261201.34647941674
28.0 | 91.23506164550781 | 261201.36315704172
17.8 | 91.23506164550781 | 261201.37983466673
17.8 | 91.23506164550781 | 261201.3965122917
17.8 | 91.23506164550781 | 261201.41318991673
17.8 | 91.23506164550781 | 261201.42986754174
17.8 | 91.23506164550781 | 261201.44654516672
17.8 | 91.23506164550781 | 261201.46322279173
17.8 | 91.23506164550781 | 261201.4799004167
17.8 | 91.23506164550781 | 261201.49657804173
11.3 | 91.23506164550781 | 261201.51325566674
11.3 | 91.23506164550781 | 261201.52993329172
11.3 | 91.23506164550781 | 261201.54661091673
11.3 | 91.23506164550781 | 261201.5632885417
11.3 | 91.23506164550781 | 261201.57996616673
11.3 | 91.23506164550781 | 261201.59664379174
11.3 | 91.23506164550781 | 261201.61332141672
11.3 | 91.23506164550781 | 261201.62999904173
7.8999999999999995 | 91.23506164550781 | 261201.6466766667
7.8999999999999995 | 91.23506164550781 | 261201.66335429173
7.8999999999999995 | 96.98506164550781 | 261201.68003191674
7.8999999999999995 | 96.98506164550781 | 261201.69670954172
7.8999999999999995 | 97.04756164550781 | 261201.71338716673
7.8999999999999995 | 97.26631164550781 | 261201.7300647917
7.8999999999999995 | 97.56318664550781 | 261201.74674241673
33.3 | 97.95381164550781 | 261201.76342004174
33.3 | 98.7819595336914 | 261201.78009766672
33.3 | 99.2663345336914 | 261201.79677529173
33.3 | 99.7194595336914 | 261201.81345291671
33.3 | 99.7975845336914 | 261201.83013054173
33.3 | 99.7975845336914 | 261201.84680816674
33.3 | 99.7975845336914 | 261201.86348579172
33.3 | 99.7975845336914 | 261201.88016341673
36.300000000000004 | 99.7975845336914 | 261201.89684104171
36.300000000000004 | 99.7975845336914 | 261201.91351866673
36.300000000000004 | 99.7975845336914 | 261201.93019629174
36.300000000000004 | 99.7975845336914 | 261201.94687391672
36.300000000000004 | 99.7975845336914 | 261201.96355154173
36.300000000000004 | 99.7975845336914 | 261201.98022916671
36.300000000000004 | 99.7975845336914 | 261201.99690679173
23.200000000000003 | 99.7975845336914 | 261202.01358441674
23.200000000000003 | 99.7975845336914 | 261202.03026204172
23.200000000000003 | 99.7975845336914 | 261202.04693966673
23.200000000000003 | 99.7975845336914 | 261202.06361729171
23.200000000000003 | 99.7975845336914 | 261202.08029491673
23.200000000000003 | 99.7975845336914 | 261202.09697254174
23.200000000000003 | 99.7975845336914 | 261202.11365016672
23.200000000000003 | 99.7975845336914 | 261202.13032779173
14.500000000000002 | 99.7975845336914 | 261202.14700541671
14.500000000000002 | 99.7975845336914 | 261202.16368304173
14.500000000000002 | 99.7975845336914 | 261202.18036066674
14.500000000000002 | 99.7975845336914 | 261202.19703829172
14.500000000000002 | 99.7975845336914 | 261202.21371591673
14.500000000000002 | 99.7975845336914 | 261202.23039354171
14.500000000000002 | 99.7975845336914 | 261202.24707116673
9.2 | 99.7975845336914 | 261202.26374879174
9.2 | 99.7975845336914 | 261202.28042641672
9.2 | 99.7975845336914 | 261202.29710404173
9.2 | 99.7975845336914 | 261202.31378166671
9.2 | 99.7975845336914 | 261202.33045929173
9.2 | 99.7975845336914 | 261202.34713691674
9.2 | 99.7975845336914 | 261202.36381454172
9.2 | 99.7975845336914 | 261202.38049216673
6.5 | 99.7975845336914 | 261202.39716979171
6.5 | 105.5475845336914 | 261202.41384741673
6.5 | 105.5475845336914 | 261202.43052504174
6.5 | 105.5475845336914 | 261202.44720266672
6.5 | 105.5475845336914 | 261202.46388029173
6.5 | 105.5475845336914 | 261202.48055791672
6.5 | 105.5475845336914 | 261202.49723554173
39.0 | 107.5475845336914 | 261202.51391316674
39.0 | 108.0319595336914 | 261202.53059079172
39.0 | 108.3132095336914 | 261202.54726841673
39.0 | 108.3288345336914 | 261202.56394604172
39.0 | 108.3288345336914 | 261202.58062366673
39.0 | 108.3288345336914 | 261202.59730129174
39.0 | 108.3288345336914 | 261202.61397891672
39.0 | 108.3288345336914 | 261202.63065654173
34.8 | 108.3288345336914 | 261202.64733416672
34.8 | 108.3288345336914 | 261202.66401179173
34.8 | 108.3288345336914 | 261202.68068941674
34.8 | 108.3288345336914 | 261202.69736704172
34.8 | 108.3288345336914 | 261202.71404466673
34.8 | 108.3288345336914 | 261202.73072229172
34.8 | 108.3288345336914 | 261202.74739991673
21.900000000000002 | 108.3288345336914 | 261202.76407754174
21.900000000000002 | 108.3288345336914 | 261202.78075516672
21.900000000000002 | 108.3288345336914 | 261202.79743279173
21.900000000000002 | 108.3288345336914 | 261202.81411041672
21.900000000000002 | 108.3288345336914 | 261202.83078804173
21.900000000000002 | 108.3288345336914 | 261202.8474656667
21.900000000000002 | 108.3288345336914 | 261202.86414329172
21.900000000000002 | 108.3288345336914 | 261202.88082091673
13.900000000000002 | 108.3288345336914 | 261202.89749854172
13.900000000000002 | 108.3288345336914 | 261202.91417616673
13.900000000000002 | 108.3288345336914 | 261202.9308537917
13.900000000000002 | 108.3288345336914 | 261202.94753141672
13.900000000000002 | 108.3288345336914 | 261202.96420904173
13.900000000000002 | 108.3288345336914 | 261202.98088666672
13.900000000000002 | 108.3288345336914 | 261202.99756429173
9.5 | 108.3288345336914 | 261203.0142419167
9.5 | 108.3288345336914 | 261203.03091954172
9.5 | 114.3132095336914 | 261203.04759716673
9.5 | 114.6413345336914 | 261203.06427479172
9.5 | 114.7507095336914 | 261203.08095241673
9.5 | 114.7975845336914 | 261203.0976300417
9.5 | 114.7975845336914 | 261203.11430766672
9.5 | 114.7975845336914 | 261203.13098529173
36.9 | 114.7975845336914 | 261203.14766291672
36.9 | 116.7194595336914 | 261203.16434054173
36.9 | 117.2038345336914 | 261203.1810181667
36.9 | 117.1413345336914 | 261203.19769579172
36.9 | 117.1413345336914 | 261203.21437341673
36.9 | 117.1413345336914 | 261203.23105104172
36.9 | 117.1413345336914 | 261203.24772866673
38.1 | 117.1413345336914 | 261203.2644062917
38.1 | 117.1413345336914 | 261203.28108391672
38.1 | 117.1413345336914 | 261203.29776154173
38.1 | 117.1413345336914 | 261203.31443916672
38.1 | 117.1413345336914 | 261203.33111679173
38.1 | 117.1413345336914 | 261203.3477944167
38.1 | 117.1413345336914 | 261203.36447204172
38.1 | 117.1413345336914 | 261203.38114966673
24.200000000000003 | 117.1413345336914 | 261203.39782729172
24.200000000000003 | 117.1413345336914 | 261203.41450491673
24.200000000000003 | 117.1413345336914 | 261203.4311825417
24.200000000000003 | 117.1413345336914 | 261203.44786016672
24.200000000000003 | 117.1413345336914 | 261203.46453779173
24.200000000000003 | 117.1413345336914 | 261203.48121541672
24.200000000000003 | 117.1413345336914 | 261203.49789304173
15.2 | 117.1413345336914 | 261203.5145706667
15.2 | 117.1413345336914 | 261203.53124829172
15.2 | 117.1413345336914 | 261203.54792591673
15.2 | 117.1413345336914 | 261203.56460354172
15.2 | 117.1413345336914 | 261203.58128116673
15.2 | 117.1413345336914 | 261203.5979587917
15.2 | 117.1413345336914 | 261203.61463641672
10.0 | 117.1413345336914 | 261203.63131404173
10.0 | 117.1413345336914 | 261203.64799166672
10.0 | 122.9225845336914 | 261203.66466929173
10.0 | 122.9538345336914 | 261203.6813469167
10.0 | 122.9538345336914 | 261203.69802454172
10.0 | 122.9538345336914 | 261203.71470216673
10.0 | 122.9538345336914 | 261203.73137979172
10.0 | 122.9538345336914 | 261203.74805741673
38.0 | 124.828857421875 | 261203.7647350417
38.0 | 125.313232421875 | 261203.78141266672
38.0 | 125.719482421875 | 261203.79809029173
38.0 | 125.735107421875 | 261203.81476791672
38.0 | 125.735107421875 | 261203.83144554173
38.0 | 125.735107421875 | 261203.8481231667
38.0 | 125.735107421875 | 261203.86480079172
35.8 | 125.735107421875 | 261203.88147841673
35.8 | 125.735107421875 | 261203.89815604172
35.8 | 125.735107421875 | 261203.91483366673
35.8 | 125.735107421875 | 261203.9315112917
35.8 | 125.735107421875 | 261203.94818891672
35.8 | 125.735107421875 | 261203.96486654173
35.8 | 125.735107421875 | 261203.98154416672
35.8 | 125.735107421875 | 261203.99822179173
22.599999999999998 | 125.735107421875 | 261204.0148994167
22.599999999999998 | 125.735107421875 | 261204.03157704172
22.599999999999998 | 125.735107421875 | 261204.04825466673
22.599999999999998 | 125.735107421875 | 261204.06493229172
22.599999999999998 | 125.735107421875 | 261204.08160991673
22.599999999999998 | 125.735107421875 | 261204.0982875417
22.599999999999998 | 125.735107421875 | 261204.11496516672
14.5 | 125.735107421875 | 261204.13164279173
14.5 | 125.735107421875 | 261204.14832041672
14.5 | 125.735107421875 | 261204.16499804173
14.5 | 125.735107421875 | 261204.1816756667
14.5 | 125.735107421875 | 261204.19835329172
14.5 | 125.735107421875 | 261204.21503091673
14.5 | 125.735107421875 | 261204.23170854172
14.5 | 125.735107421875 | 261204.24838616673
9.4 | 125.735107421875 | 261204.2650637917
9.4 | 128.969482421875 | 261204.28174141672
9.4 | 129.250732421875 | 261204.29841904173
9.4 | 129.453857421875 | 261204.31509666672
9.4 | 129.703857421875 | 261204.33177429173
9.4 | 130.031982421875 | 261204.3484519167
9.4 | 130.438232421875 | 261204.36512954172
40.300000000000004 | 132.797607421875 | 261204.38180716673
40.300000000000004 | 133.781982421875 | 261204.39848479172
40.300000000000004 | 134.219482421875 | 261204.41516241673
40.300000000000004 | 134.219482421875 | 261204.4318400417
40.300000000000004 | 134.219482421875 | 261204.44851766672
40.300000000000004 | 134.219482421875 | 261204.46519529173
40.300000000000004 | 134.219482421875 | 261204.48187291672
40.300000000000004 | 134.219482421875 | 261204.49855054173
34.5 | 134.219482421875 | 261204.5152281667
34.5 | 134.219482421875 | 261204.53190579172
34.5 | 134.219482421875 | 261204.54858341673
34.5 | 134.219482421875 | 261204.56526104172
34.5 | 134.219482421875 | 261204.58193866673
34.5 | 134.219482421875 | 261204.5986162917
34.5 | 134.219482421875 | 261204.61529391672
21.8 | 134.219482421875 | 261204.63197154173
21.8 | 134.219482421875 | 261204.64864916672
21.8 | 134.219482421875 | 261204.66532679173
21.8 | 134.219482421875 | 261204.6820044167
21.8 | 134.219482421875 | 261204.69868204172
21.8 | 134.219482421875 | 261204.71535966673
21.8 | 134.219482421875 | 261204.73203729172
21.8 | 134.219482421875 | 261204.74871491673
13.899999999999999 | 134.219482421875 | 261204.7653925417
13.899999999999999 | 134.219482421875 | 261204.78207016672
13.899999999999999 | 134.219482421875 | 261204.79874779173
13.899999999999999 | 134.219482421875 | 261204.81542541672
13.899999999999999 | 134.219482421875 | 261204.83210304173
13.899999999999999 | 134.219482421875 | 261204.8487806667
13.899999999999999 | 134.219482421875 | 261204.86545829172
9.4 | 134.219482421875 | 261204.88213591673
9.4 | 134.219482421875 | 261204.89881354172
9.4 | 134.219482421875 | 261204.91549116673
9.4 | 139.891357421875 | 261204.9321687917
9.4 | 139.891357421875 | 261204.94884641672
9.4 | 139.891357421875 | 261204.96552404173
9.4 | 139.891357421875 | 261204.98220166672
9.4 | 139.891357421875 | 261204.99887929173
33.6 | 139.891357421875 | 261205.0155569167
33.6 | 139.891357421875 | 261205.03223454172
33.6 | 142.047607421875 | 261205.04891216673
33.6 | 142.500732421875 | 261205.06558979172
33.6 | 142.625732421875 | 261205.08226741673
33.6 | 142.625732421875 | 261205.0989450417
33.6 | 142.625732421875 | 261205.11562266672
39.2 | 142.625732421875 | 261205.13230029173
39.2 | 142.625732421875 | 261205.14897791672
39.2 | 142.625732421875 | 261205.16565554173
39.2 | 142.625732421875 | 261205.1823331667
39.2 | 142.625732421875 | 261205.19901079172
39.2 | 142.625732421875 | 261205.21568841673
39.2 | 142.625732421875 | 261205.23236604172
39.2 | 142.625732421875 | 261205.24904366673
24.799999999999997 | 142.625732421875 | 261205.2657212917
24.799999999999997 | 142.625732421875 | 261205.28239891672
24.799999999999997 | 142.625732421875 | 261205.29907654173
24.799999999999997 | 142.625732421875 | 261205.31575416672
24.799999999999997 | 142.625732421875 | 261205.33243179173
24.799999999999997 | 142.625732421875 | 261205.3491094167
24.799999999999997 | 142.625732421875 | 261205.36578704172
15.8 | 142.625732421875 | 261205.38246466673
15.8 | 142.625732421875 | 261205.39914229172
15.8 | 142.625732421875 | 261205.41581991673
15.8 | 142.625732421875 | 261205.4324975417
15.8 | 142.625732421875 | 261205.44917516672
15.8 | 142.625732421875 | 261205.46585279173
15.8 | 142.641357421875 | 261205.48253041672
15.8 | 142.641357421875 | 261205.49920804173
10.4 | 142.641357421875 | 261205.5158856667
10.4 | 142.641357421875 | 261205.53256329172
10.4 | 142.641357421875 | 261205.54924091673
10.4 | 142.641357421875 | 261205.56591854172
10.4 | 145.766357421875 | 261205.58259616673
10.4 | 146.016357421875 | 261205.5992737917
10.4 | 146.360107421875 | 261205.61595141672
26.299999999999997 | 146.844482421875 | 261205.63262904173
26.299999999999997 | 147.516357421875 | 261205.64930666672
26.299999999999997 | 148.344482421875 | 261205.66598429173
26.299999999999997 | 149.672607421875 | 261205.6826619167
26.299999999999997 | 150.656982421875 | 261205.69933954172
26.299999999999997 | 151.391357421875 | 261205.71601716673
26.299999999999997 | 151.391357421875 | 261205.73269479172
26.299999999999997 | 151.391357421875 | 261205.74937241673
40.8 | 151.391357421875 | 261205.7660500417
40.8 | 151.391357421875 | 261205.78272766672
40.8 | 151.391357421875 | 261205.79940529173
40.8 | 151.391357421875 | 261205.81608291672
40.8 | 151.391357421875 | 261205.83276054173
40.8 | 151.391357421875 | 261205.8494381667
40.8 | 151.391357421875 | 261205.86611579172
25.9 | 151.391357421875 | 261205.88279341673
25.9 | 151.391357421875 | 261205.89947104172
25.9 | 151.391357421875 | 261205.91614866673
25.9 | 151.391357421875 | 261205.9328262917
25.9 | 151.391357421875 | 261205.94950391672
25.9 | 151.391357421875 | 261205.96618154173
25.9 | 151.391357421875 | 261205.98285916672
25.9 | 151.391357421875 | 261205.99953679173
16.400000000000002 | 151.391357421875 | 261206.0162144167
16.400000000000002 | 151.391357421875 | 261206.03289204172
16.400000000000002 | 151.391357421875 | 261206.04956966673
16.400000000000002 | 151.391357421875 | 261206.06624729172
16.400000000000002 | 151.391357421875 | 261206.08292491673
16.400000000000002 | 151.391357421875 | 261206.0996025417
16.400000000000002 | 151.391357421875 | 261206.11628016672
10.7 | 151.391357421875 | 261206.13295779173
10.7 | 151.391357421875 | 261206.14963541672
10.7 | 151.391357421875 | 261206.16631304173
10.7 | 151.422607421875 | 261206.1829906667
10.7 | 157.0788803100586 | 261206.19966829172
10.7 | 157.1413803100586 | 261206.21634591674
10.7 | 157.2195053100586 | 261206.23302354172
10.7 | 157.2195053100586 | 261206.24970116673
30.4 | 157.2195053100586 | 261206.2663787917
30.4 | 157.2195053100586 | 261206.28305641672
30.4 | 158.9695053100586 | 261206.29973404174
30.4 | 159.4538803100586 | 261206.31641166672
30.4 | 159.7976303100586 | 261206.33308929173
30.4 | 159.7976303100586 | 261206.3497669167
30.4 | 159.8132553100586 | 261206.36644454172
38.8 | 159.8132553100586 | 261206.38312216674
38.8 | 159.8132553100586 | 261206.39979979172
38.8 | 159.8132553100586 | 261206.41647741673
38.8 | 159.8132553100586 | 261206.4331550417
38.8 | 159.8132553100586 | 261206.44983266672
38.8 | 159.8132553100586 | 261206.46651029174
38.8 | 159.8132553100586 | 261206.48318791672
38.8 | 159.8132553100586 | 261206.49986554173
24.5 | 159.8132553100586 | 261206.5165431667
24.5 | 159.8132553100586 | 261206.53322079172
24.5 | 159.8132553100586 | 261206.54989841674
24.5 | 159.8132553100586 | 261206.56657604172
24.5 | 159.8132553100586 | 261206.58325366673
24.5 | 159.8132553100586 | 261206.5999312917
24.5 | 159.8132553100586 | 261206.61660891672
15.5 | 159.8132553100586 | 261206.63328654174
15.5 | 159.8132553100586 | 261206.64996416672
15.5 | 159.8132553100586 | 261206.66664179173
15.5 | 159.8132553100586 | 261206.6833194167
15.5 | 159.8132553100586 | 261206.69999704172
15.5 | 159.8132553100586 | 261206.71667466674
15.5 | 159.8132553100586 | 261206.73335229172
15.5 | 159.8132553100586 | 261206.75002991673
10.6 | 159.8132553100586 | 261206.7667075417
10.6 | 159.8132553100586 | 261206.78338516672
10.6 | 159.8132553100586 | 261206.80006279174
10.6 | 159.8132553100586 | 261206.81674041672
10.6 | 159.8757553100586 | 261206.83341804173
10.6 | 162.9070053100586 | 261206.8500956667
10.6 | 163.0320053100586 | 261206.86677329172
21.1 | 163.2195053100586 | 261206.88345091674
21.1 | 163.4538803100586 | 261206.90012854172
21.1 | 163.7820053100586 | 261206.91680616673
21.1 | 164.1882553100586 | 261206.9334837917
21.1 | 166.4538803100586 | 261206.95016141672
21.1 | 167.4695053100586 | 261206.96683904174
21.1 | 168.4070053100586 | 261206.98351666672
21.1 | 168.5476303100586 | 261207.00019429173
44.599999999999994 | 168.5476303100586 | 261207.0168719167
44.599999999999994 | 168.5476303100586 | 261207.03354954172
44.599999999999994 | 168.5476303100586 | 261207.05022716674
44.599999999999994 | 168.5476303100586 | 261207.06690479172
44.599999999999994 | 168.5476303100586 | 261207.08358241673
44.599999999999994 | 168.5476303100586 | 261207.1002600417
44.599999999999994 | 168.5476303100586 | 261207.11693766672
28.200000000000003 | 168.5476303100586 | 261207.13361529174
28.200000000000003 | 168.5476303100586 | 261207.15029291672
28.200000000000003 | 168.5476303100586 | 261207.16697054173
28.200000000000003 | 168.5476303100586 | 261207.1836481667
28.200000000000003 | 168.5476303100586 | 261207.20032579172
28.200000000000003 | 168.5476303100586 | 261207.21700341674
28.200000000000003 | 168.5476303100586 | 261207.23368104172
28.200000000000003 | 168.5476303100586 | 261207.25035866673
17.8 | 168.5476303100586 | 261207.2670362917
17.8 | 168.5476303100586 | 261207.28371391672
17.8 | 168.5476303100586 | 261207.30039154174
17.8 | 168.5476303100586 | 261207.31706916672
17.8 | 168.5476303100586 | 261207.33374679173
17.8 | 168.5476303100586 | 261207.3504244167
17.8 | 168.5476303100586 | 261207.36710204172
17.8 | 168.5476303100586 | 261207.38377966674
11.7 | 168.5476303100586 | 261207.40045729172
11.7 | 168.5476303100586 | 261207.41713491673
11.7 | 168.5476303100586 | 261207.4338125417
11.7 | 168.5476303100586 | 261207.45049016672
11.7 | 168.5476303100586 | 261207.46716779174
11.7 | 168.5476303100586 | 261207.48384541672
11.7 | 174.4851303100586 | 261207.50052304173
13.4 | 175.1257553100586 | 261207.5172006667
13.4 | 175.1413803100586 | 261207.53387829172
13.4 | 175.1413803100586 | 261207.55055591674
13.4 | 175.1413803100586 | 261207.56723354172
13.4 | 175.1413803100586 | 261207.58391116673
13.4 | 176.7351303100586 | 261207.6005887917
13.4 | 177.2351303100586 | 261207.61726641672
13.4 | 177.7195053100586 | 261207.63394404174
47.0 | 177.3445053100586 | 261207.65062166672
47.0 | 177.3445053100586 | 261207.66729929173
47.0 | 177.3445053100586 | 261207.6839769167
47.0 | 177.3445053100586 | 261207.70065454172
47.0 | 177.3445053100586 | 261207.71733216674
47.0 | 177.3445053100586 | 261207.73400979172
47.0 | 177.3445053100586 | 261207.75068741673
29.900000000000002 | 177.3445053100586 | 261207.7673650417
29.900000000000002 | 177.3445053100586 | 261207.78404266672
29.900000000000002 | 177.3445053100586 | 261207.80072029174
29.900000000000002 | 177.3445053100586 | 261207.81739791672
29.900000000000002 | 177.3445053100586 | 261207.83407554173
29.900000000000002 | 177.3445053100586 | 261207.8507531667
29.900000000000002 | 177.3445053100586 | 261207.86743079172
29.900000000000002 | 177.3445053100586 | 261207.88410841674
18.799999999999997 | 177.3445053100586 | 261207.90078604172
18.799999999999997 | 177.3445053100586 | 261207.91746366673
18.799999999999997 | 177.3445053100586 | 261207.9341412917
18.799999999999997 | 177.3445053100586 | 261207.95081891672
18.799999999999997 | 177.3445053100586 | 261207.96749654174
18.799999999999997 | 177.3445053100586 | 261207.98417416672
18.799999999999997 | 177.3445053100586 | 261208.00085179173
12.3 | 177.3445053100586 | 261208.0175294167
12.3 | 177.3445053100586 | 261208.03420704172
12.3 | 177.3445053100586 | 261208.05088466674
12.3 | 177.3445053100586 | 261208.06756229172
12.3 | 177.3445053100586 | 261208.08423991673
12.3 | 177.3445053100586 | 261208.1009175417
12.3 | 183.1414031982422 | 261208.11759516672
12.3 | 183.1414031982422 | 261208.13427279174
19.299999999999997 | 183.1414031982422 | 261208.15095041672
19.299999999999997 | 183.1414031982422 | 261208.16762804173
19.299999999999997 | 183.1414031982422 | 261208.1843056667
19.299999999999997 | 183.1414031982422 | 261208.20098329172
19.299999999999997 | 185.1414031982422 | 261208.21766091674
19.299999999999997 | 185.6257781982422 | 261208.23433854172
19.299999999999997 | 185.9226531982422 | 261208.25101616673
44.4 | 185.9226531982422 | 261208.2676937917
44.4 | 185.9226531982422 | 261208.28437141672
44.4 | 185.9226531982422 | 261208.30104904174
44.4 | 185.9226531982422 | 261208.31772666672
44.4 | 185.9226531982422 | 261208.33440429173
44.4 | 185.9226531982422 | 261208.3510819167
44.4 | 185.9226531982422 | 261208.36775954172
44.4 | 185.9226531982422 | 261208.38443716674
28.200000000000003 | 185.9226531982422 | 261208.40111479172
28.200000000000003 | 185.9226531982422 | 261208.41779241673
28.200000000000003 | 185.9226531982422 | 261208.4344700417
28.200000000000003 | 185.9226531982422 | 261208.45114766672
28.200000000000003 | 185.9226531982422 | 261208.46782529174
28.200000000000003 | 185.9226531982422 | 261208.48450291672
28.200000000000003 | 185.9226531982422 | 261208.50118054173
17.7 | 185.9226531982422 | 261208.5178581667
17.7 | 185.9226531982422 | 261208.53453579172
17.7 | 185.9226531982422 | 261208.55121341674
17.7 | 185.9226531982422 | 261208.56789104172
17.7 | 185.9226531982422 | 261208.58456866673
17.7 | 185.9226531982422 | 261208.6012462917
17.7 | 185.9226531982422 | 261208.61792391672
17.7 | 185.9226531982422 | 261208.63460154174
11.899999999999999 | 185.9226531982422 | 261208.65127916672
11.899999999999999 | 185.9226531982422 | 261208.66795679173
11.899999999999999 | 185.9226531982422 | 261208.6846344167
11.899999999999999 | 185.9226531982422 | 261208.70131204173
11.899999999999999 | 185.9226531982422 | 261208.71798966674
11.899999999999999 | 185.9226531982422 | 261208.73466729172
11.899999999999999 | 185.9226531982422 | 261208.75134491673
16.700000000000003 | 60.141334533691406 | 261208.7680225417
16.700000000000003 | 60.297584533691406 | 261208.78470016673
16.700000000000003 | 60.547584533691406 | 261208.80137779174
16.700000000000003 | 60.860084533691406 | 261208.81805541672
16.700000000000003 | 61.266334533691406 | 261208.83473304173
16.700000000000003 | 61.750709533691406 | 261208.8514106667
16.700000000000003 | 64.3600845336914 | 261208.86808829173
16.700000000000003 | 65.2819595336914 | 261208.88476591674
52.20000000000001 | 65.4225845336914 | 261208.90144354172
52.20000000000001 | 65.4225845336914 | 261208.91812116673
52.20000000000001 | 65.4225845336914 | 261208.9347987917
52.20000000000001 | 65.4225845336914 | 261208.95147641673