
--- NEW BENCHMARK RUN ---

CPU | Memory (MB) | Timestamp
---
40.6 | 1239.0483856201172 | 257833.94288716672
40.6 | 1248.7827606201172 | 257834.0446610834
40.6 | 1262.0796585083008 | 257834.05962179173
40.6 | 1277.3609085083008 | 257834.07629816674
40.6 | 1292.3765563964844 | 257834.0929745417
40.1 | 1307.1421813964844 | 257834.1096509167
40.1 | 1320.157829284668 | 257834.1263272917
40.1 | 1336.157829284668 | 257834.14300366672
40.1 | 1351.7828521728516 | 257834.15968004172
40.1 | 1367.3609771728516 | 257834.17635641672
40.1 | 1382.9860000610352 | 257834.19303279172
40.1 | 1399.2047500610352 | 257834.20970916672
37.300000000000004 | 1415.2203979492188 | 257834.22638554173
37.300000000000004 | 1431.7203979492188 | 257834.24306191673
37.300000000000004 | 1448.3141708374023 | 257834.25973829173
37.300000000000004 | 1463.1735458374023 | 257834.27641466673
37.300000000000004 | 1478.954818725586 | 257834.29309104173
37.300000000000004 | 1492.720443725586 | 257834.30976741674
37.300000000000004 | 1497.861068725586 | 257834.3264437917
37.300000000000004 | 1509.5017166137695 | 257834.3431201667
34.800000000000004 | 1517.0329666137695 | 257834.3597965417
34.800000000000004 | 1521.2829666137695 | 257834.37647291672
34.800000000000004 | 1527.2829666137695 | 257834.39314929172
34.800000000000004 | 1534.6110916137695 | 257834.40982566672
34.800000000000004 | 1545.2986145019531 | 257834.42650204172
34.800000000000004 | 1553.2986145019531 | 257834.44317841672
34.800000000000004 | 1563.3298873901367 | 257834.45985479173
28.1 | 1571.3298873901367 | 257834.47653116673
28.1 | 1577.3298873901367 | 257834.49320754173
28.1 | 1583.3298873901367 | 257834.50988391673
28.1 | 1589.3298873901367 | 257834.52656029174
28.1 | 1598.5330352783203 | 257834.54323666674
28.1 | 1608.8299102783203 | 257834.5599130417
28.1 | 1617.3455352783203 | 257834.5765894167
28.1 | 1623.3455352783203 | 257834.59326579171
24.999999999999996 | 1631.689308166504 | 257834.60994216672
49.4 | 417.71966552734375 | 257835.3290128334
36.5 | 238.6726531982422 | 257835.38421829173
36.5 | 254.1726531982422 | 257835.4112354584
36.5 | 257.5476760864258 | 257835.42791575004
36.5 | 264.6883010864258 | 257835.44459604172
36.5 | 274.6883010864258 | 257835.4612763334
32.3 | 284.6883010864258 | 257835.47795662505
32.3 | 294.7039489746094 | 257835.49463691673
32.3 | 303.7664489746094 | 257835.51131720838
32.3 | 312.7039489746094 | 257835.52799750006
32.3 | 320.71959686279297 | 257835.5446777917
32.3 | 330.71959686279297 | 257835.5613580834
32.3 | 338.71959686279297 | 257835.57803837507
32.3 | 350.73524475097656 | 257835.59471866672
29.599999999999998 | 366.23524475097656 | 257835.6113989584
29.599999999999998 | 378.86024475097656 | 257835.62807925005
29.599999999999998 | 394.75089263916016 | 257835.64475954173
29.599999999999998 | 408.75089263916016 | 257835.66143983338
29.599999999999998 | 424.21966552734375 | 257835.67812012506
29.599999999999998 | 439.76654052734375 | 257835.69480041674
29.599999999999998 | 454.53218841552734 | 257835.71148070839
31.499999999999996 | 466.78218841552734 | 257835.72816100006
31.499999999999996 | 478.79783630371094 | 257835.74484129171
31.499999999999996 | 492.29783630371094 | 257835.7615215834
31.499999999999996 | 504.79783630371094 | 257835.77820187504
31.499999999999996 | 516.8134841918945 | 257835.79488216672
31.499999999999996 | 527.5947341918945 | 257835.8115624584
31.499999999999996 | 538.7978591918945 | 257835.82824275005
31.499999999999996 | 550.1572570800781 | 257835.84492304173
30.4 | 564.0478820800781 | 257835.86160333338
30.4 | 581.3291549682617 | 257835.87828362506
30.4 | 598.3604049682617 | 257835.8949639167
30.4 | 616.8448028564453 | 257835.9116442084
30.4 | 633.8448028564453 | 257835.92832450007
30.4 | 648.8604507446289 | 257835.94500479172
30.4 | 662.8604507446289 | 257835.9616850834
31.200000000000003 | 677.3760986328125 | 257835.97836537505
31.200000000000003 | 693.3292236328125 | 257835.99504566673
31.200000000000003 | 709.3917465209961 | 257836.01172595838
31.200000000000003 | 726.3761215209961 | 257836.02840625006
31.200000000000003 | 742.3761444091797 | 257836.04508654174
31.200000000000003 | 756.9073944091797 | 257836.0617668334
31.200000000000003 | 772.9230422973633 | 257836.07844712507
31.200000000000003 | 788.9230422973633 | 257836.09512741672
31.799999999999997 | 806.9386901855469 | 257836.1118077084
31.799999999999997 | 824.3449401855469 | 257836.12848800005
31.799999999999997 | 842.4543380737305 | 257836.14516829172
31.799999999999997 | 858.9543380737305 | 257836.1618485834
31.799999999999997 | 874.9699859619141 | 257836.17852887505
31.799999999999997 | 892.7199859619141 | 257836.19520916673
31.799999999999997 | 910.4856338500977 | 257836.21188945838
34.900000000000006 | 927.5637817382812 | 257836.22856975006
34.900000000000006 | 946.2044067382812 | 257836.2452500417
34.900000000000006 | 960.9700546264648 | 257836.2619303334
34.900000000000006 | 974.0169296264648 | 257836.27861062504
34.900000000000006 | 987.0638046264648 | 257836.29529091672
34.900000000000006 | 1005.5638275146484 | 257836.3119712084
34.900000000000006 | 1017.0325775146484 | 257836.32865150005
34.900000000000006 | 1031.048225402832 | 257836.34533179173
36.39999999999999 | 1044.438850402832 | 257836.36201208338
36.39999999999999 | 1058.0638732910156 | 257836.37869237506
36.39999999999999 | 1071.0638732910156 | 257836.3953726667
36.39999999999999 | 1083.8138732910156 | 257836.4120529584
36.39999999999999 | 1097.0795211791992 | 257836.42873325007
36.39999999999999 | 1110.5638961791992 | 257836.44541354172
36.199999999999996 | 1123.0482940673828 | 257836.4620938334
35.2 | 1133.0482940673828 | 257836.47877412505
35.2 | 1149.0482940673828 | 257836.49545441673
35.2 | 1162.5639419555664 | 257836.51213470838
35.2 | 1175.0639419555664 | 257836.52881500006
35.2 | 1185.07958984375 | 257836.54549529174
35.2 | 1200.57958984375 | 257836.56217558339
35.2 | 1213.07958984375 | 257836.57885587506
35.2 | 1224.7983627319336 | 257836.59553616671
34.300000000000004 | 1237.0952377319336 | 257836.6122164584
34.300000000000004 | 1250.6733856201172 | 257836.62889675004
34.300000000000004 | 1265.1108856201172 | 257836.64557704172
34.300000000000004 | 1282.0327835083008 | 257836.6622573334
34.300000000000004 | 1298.1265335083008 | 257836.67893762505
34.300000000000004 | 1315.6421813964844 | 257836.69561791673
34.300000000000004 | 1333.1421813964844 | 257836.71229820838
35.9 | 1350.157829284668 | 257836.72897850006
--- NEW BENCHMARK RUN ---

CPU | Memory (MB) | Timestamp
---
30.4 | 1226.92333984375 | 261232.26483012506
30.4 | 1234.92333984375 | 261232.33441462505
30.4 | 1249.42333984375 | 261232.34819470838
30.4 | 1265.6733627319336 | 261232.36486762506
30.4 | 1279.2671127319336 | 261232.3815405417
30.4 | 1292.7671356201172 | 261232.3982134584
30.4 | 1302.9702606201172 | 261232.41488637505
30.4 | 1318.9702606201172 | 261232.43155929173
32.0 | 1332.9859085083008 | 261232.44823220838
32.0 | 1346.7202835083008 | 261232.46490512506
32.0 | 1357.7828063964844 | 261232.4815780417
32.0 | 1369.7671813964844 | 261232.4982509584
32.0 | 1382.7359313964844 | 261232.51492387505
23.0 | 453.96966552734375 | 261233.90692087504
23.0 | 461.96966552734375 | 261234.00807075005
23.0 | 474.76656341552734 | 261234.03215929173
23.0 | 483.98531341552734 | 261234.04883220838
22.2 | 493.98531341552734 | 261234.06550512507
22.2 | 502.00096130371094 | 261234.08217804172
22.2 | 512.0165863037109 | 261234.0988509584
22.2 | 521.0165863037109 | 261234.11552387505
22.2 | 531.0322341918945 | 261234.13219679173
22.2 | 538.0322341918945 | 261234.14886970838
22.2 | 550.0322341918945 | 261234.16554262507
22.2 | 559.7822341918945 | 261234.18221554172
22.799999999999997 | 570.0478820800781 | 261234.1988884584
22.799999999999997 | 584.0635070800781 | 261234.21556137505
22.799999999999997 | 598.0635299682617 | 261234.23223429173
22.799999999999997 | 610.0635299682617 | 261234.24890720838
22.799999999999997 | 623.0635299682617 | 261234.26558012507
22.799999999999997 | 636.0791778564453 | 261234.28225304172
22.799999999999997 | 648.5791778564453 | 261234.2989259584
24.8 | 660.0948257446289 | 261234.31559887505
24.8 | 670.0948257446289 | 261234.33227179173
24.8 | 680.3604507446289 | 261234.34894470838
24.8 | 691.6104736328125 | 261234.36561762507
24.8 | 701.7667236328125 | 261234.38229054172
24.8 | 711.0167236328125 | 261234.3989634584
24.8 | 719.2667236328125 | 261234.41563637505
24.8 | 726.1261215209961 | 261234.43230929173
24.200000000000003 | 738.1261215209961 | 261234.44898220839
24.200000000000003 | 748.1886215209961 | 261234.46565512507
24.200000000000003 | 758.6886444091797 | 261234.48232804172
24.200000000000003 | 768.1417694091797 | 261234.4990009584
24.200000000000003 | 780.7042694091797 | 261234.51567387505
24.200000000000003 | 794.1574172973633 | 261234.53234679173
24.200000000000003 | 806.1574172973633 | 261234.5490197084
25.799999999999997 | 819.1730651855469 | 261234.56569262507
25.799999999999997 | 832.2199401855469 | 261234.58236554172
25.799999999999997 | 844.6730651855469 | 261234.5990384584
25.799999999999997 | 858.1887130737305 | 261234.61571137505
25.799999999999997 | 870.3762130737305 | 261234.63238429173
25.799999999999997 | 883.2043609619141 | 261234.6490572084
25.799999999999997 | 896.2043609619141 | 261234.66573012507
25.799999999999997 | 908.9699859619141 | 261234.68240304172
27.8 | 921.7200088500977 | 261234.6990759584
27.8 | 932.0481338500977 | 261234.71574887505
27.8 | 947.2356567382812 | 261234.73242179173
27.8 | 960.2356567382812 | 261234.7490947084
27.8 | 978.4856796264648 | 261234.76576762507
27.8 | 994.2513046264648 | 261234.78244054172
27.8 | 1008.8450775146484 | 261234.7991134584
29.700000000000003 | 1025.3763275146484 | 261234.81578637505
29.700000000000003 | 1040.407600402832 | 261234.83245929173
29.700000000000003 | 1057.985725402832 | 261234.8491322084
29.700000000000003 | 1074.2982482910156 | 261234.86580512507
29.700000000000003 | 1089.7513732910156 | 261234.88247804172
29.700000000000003 | 1106.9076461791992 | 261234.8991509584
29.700000000000003 | 1124.8138961791992 | 261234.91582387505
29.700000000000003 | 1141.8295440673828 | 261234.93249679173
32.5 | 1158.3295440673828 | 261234.9491697084
32.5 | 1173.8451919555664 | 261234.96584262507
32.5 | 1189.8451919555664 | 261234.98251554172
32.5 | 1204.36083984375 | 261234.9991884584
32.5 | 1222.36083984375 | 261235.01586137505
32.5 | 1238.8764877319336 | 261235.03253429173
32.5 | 1254.8764877319336 | 261235.0492072084
33.5 | 1268.3765106201172 | 261235.06588012507
33.5 | 1286.3765106201172 | 261235.08255304172
33.5 | 1302.6577835083008 | 261235.0992259584
33.5 | 1318.8921585083008 | 261235.11589887505
33.5 | 1334.5015563964844 | 261235.13257179174
33.5 | 1350.4078063964844 | 261235.1492447084
33.5 | 1366.423454284668 | 261235.16591762507
33.5 | 1382.704704284668 | 261235.18259054172
34.1 | 1399.0172271728516 | 261235.1992634584
34.1 | 1415.0484771728516 | 261235.21593637505
34.1 | 1429.8610000610352 | 261235.23260929174
34.1 | 1444.4547500610352 | 261235.2492822084
34.1 | 1457.1578979492188 | 261235.26595512507
30.599999999999998 | 1457.4547729492188 | 261235.28262804172
30.599999999999998 | 1457.5485229492188 | 261235.33400150004
30.599999999999998 | 1457.5485229492188 | 261235.41910391673
30.599999999999998 | 1469.3453979492188 | 261235.43268429174
21.4 | 1485.0016479492188 | 261235.4493572084
21.4 | 1499.7360458374023 | 261235.46603012507
21.4 | 1514.4860458374023 | 261235.48270304172
21.4 | 1515.6579208374023 | 261235.4993759584
21.4 | 1515.6579208374023 | 261235.51604887506
21.4 | 1515.7360458374023 | 261235.53272179174
21.4 | 1519.2985458374023 | 261235.5493947084
21.0 | 1537.001693725586 | 261235.56606762507
21.0 | 1550.501693725586 | 261235.58274054172
21.0 | 1562.5173416137695 | 261235.5994134584
21.0 | 1576.0173416137695 | 261235.61608637506
21.0 | 1591.2673645019531 | 261235.63275929174
21.0 | 1605.7361145019531 | 261235.6494322084
21.0 | 1621.5486373901367 | 261235.66610512507
21.0 | 1636.0486373901367 | 261235.68277804172
24.200000000000003 | 1649.5799102783203 | 261235.6994509584
24.200000000000003 | 1662.2830352783203 | 261235.71612387506
24.200000000000003 | 1676.7830352783203 | 261235.73279679174
24.200000000000003 | 1691.298683166504 | 261235.7494697084