
--- NEW BENCHMARK RUN ---

CPU | Memory (MB) | Timestamp
---
21.700000000000003 | 1232.81396484375 | 257866.3679302084
33.2 | 1255.50146484375 | 257866.38461258338
33.2 | 1255.50146484375 | 257866.4012949584
33.2 | 1255.50146484375 | 257866.4179773334
33.2 | 1255.50146484375 | 257866.43465970838
33.2 | 1255.50146484375 | 257866.4513420834
33.2 | 1255.50146484375 | 257866.4680244584
33.2 | 1255.50146484375 | 257866.48470683338
33.2 | 1255.50146484375 | 257866.5013892084
33.4 | 1255.50146484375 | 257866.51807158338
33.4 | 1255.50146484375 | 257866.5347539584
33.4 | 1255.50146484375 | 257866.5514363334
33.4 | 1255.50146484375 | 257866.56811870838
33.4 | 1293.1265106201172 | 257866.5848010834
33.4 | 1330.1265335083008 | 257866.6014834584
33.4 | 1355.6265563964844 | 257866.61816583338
33.9 | 1355.6265563964844 | 257866.6348482084
33.9 | 1355.6265563964844 | 257866.6515305834
33.9 | 1355.6265563964844 | 257866.66821295838
33.9 | 1355.6265563964844 | 257866.6848953334
33.9 | 1355.6265563964844 | 257866.7015777084
33.9 | 1355.6265563964844 | 257866.71826008338
33.9 | 1355.6265563964844 | 257866.7349424584
33.9 | 1355.6265563964844 | 257866.75162483338
25.2 | 1355.6265563964844 | 257866.7683072084
25.2 | 1355.6265563964844 | 257866.7849895834
25.2 | 1355.6265563964844 | 257866.80167195838
25.2 | 1355.6265563964844 | 257866.8183543334
25.2 | 1355.6265563964844 | 257866.8350367084
25.2 | 1355.6265563964844 | 257866.85171908338
25.2 | 1355.6265563964844 | 257866.8684014584
31.5 | 1355.6265563964844 | 257866.8850838334
31.5 | 1399.235954284668 | 257866.90176620838
31.5 | 1406.204704284668 | 257866.9184485834
31.5 | 1418.1734771728516 | 257866.9351309584
31.5 | 1446.3922271728516 | 257866.95181333338
31.5 | 1455.6735000610352 | 257866.9684957084
31.5 | 1455.6735000610352 | 257866.98517808339
31.5 | 1455.6735000610352 | 257867.0018604584
27.8 | 1455.6735000610352 | 257867.0185428334
27.8 | 1455.6735000610352 | 257867.03522520838
27.8 | 1455.6735000610352 | 257867.0519075834
27.8 | 1455.6735000610352 | 257867.0685899584
27.700000000000003 | 1455.6422500610352 | 257867.08527233338
27.700000000000003 | 1455.6422500610352 | 257867.1019547084
27.700000000000003 | 1455.6422500610352 | 257867.1186370834
24.1 | 1455.6422500610352 | 257867.13531945838
24.1 | 1455.6422500610352 | 257867.1520018334
24.1 | 1455.6422500610352 | 257867.1686842084
24.1 | 1455.6422500610352 | 257867.18536658338
24.1 | 1455.6422500610352 | 257867.2020489584
24.1 | 1455.6422500610352 | 257867.21873133339
24.1 | 1455.6422500610352 | 257867.2354137084
24.1 | 1455.6422500610352 | 257867.2520960834
17.1 | 1455.6422500610352 | 257867.26877845838
17.1 | 1455.6422500610352 | 257867.2854608334
17.1 | 1455.6422500610352 | 257867.3021432084
17.1 | 1455.6422500610352 | 257867.31827462505
17.1 | 1455.6422500610352 | 257867.3349543334
17.1 | 1455.6422500610352 | 257867.35163404173
16.8 | 1455.5953750610352 | 257867.36831375005
28.700000000000003 | 1455.5953750610352 | 257867.3849934584
28.700000000000003 | 1455.5953750610352 | 257867.40167316672
28.700000000000003 | 1465.7516250610352 | 257867.41835287504
28.700000000000003 | 1501.3297729492188 | 257867.4350325834
28.700000000000003 | 1514.2516708374023 | 257867.45171229172
28.700000000000003 | 1528.4079208374023 | 257867.46839200007
45.5 | 255.01642608642578 | 257867.69862625006
45.5 | 255.01642608642578 | 257867.71858762504
45.5 | 255.01642608642578 | 257867.7352673334
45.5 | 255.01642608642578 | 257867.75194704172
51.400000000000006 | 255.01642608642578 | 257867.76862675007
51.400000000000006 | 255.01642608642578 | 257867.7853064584
51.400000000000006 | 255.01642608642578 | 257867.8019861667
51.400000000000006 | 255.01642608642578 | 257867.81866587506
51.400000000000006 | 255.01642608642578 | 257867.8353455834
51.400000000000006 | 255.01642608642578 | 257867.85202529174
51.400000000000006 | 255.01642608642578 | 257867.86870500006
36.5 | 255.01642608642578 | 257867.88538470838
36.5 | 255.01642608642578 | 257867.90206441673
36.5 | 255.01642608642578 | 257867.91874412505
36.5 | 255.01642608642578 | 257867.93542383338
36.5 | 255.01642608642578 | 257867.95210354173
36.5 | 255.01642608642578 | 257867.96878325005
36.5 | 255.01642608642578 | 257867.9854629584
36.5 | 255.01642608642578 | 257868.00214266672
26.200000000000003 | 255.01642608642578 | 257868.01882237504
26.200000000000003 | 255.01642608642578 | 257868.0355020834
26.200000000000003 | 255.01642608642578 | 257868.05218179172
26.200000000000003 | 255.01642608642578 | 257868.06886150007
26.200000000000003 | 355.04772186279297 | 257868.0855412084
26.200000000000003 | 355.04772186279297 | 257868.1022209167
26.200000000000003 | 355.04772186279297 | 257868.11890062506
25.6 | 355.04772186279297 | 257868.1355803334
25.6 | 355.04772186279297 | 257868.15226004174
25.6 | 355.04772186279297 | 257868.16893975006
25.6 | 355.04772186279297 | 257868.18561945838
25.6 | 355.04772186279297 | 257868.20229916673
25.6 | 355.04772186279297 | 257868.21897887505
25.6 | 355.04772186279297 | 257868.23565858338
25.6 | 355.04772186279297 | 257868.25233829173
23.600000000000005 | 355.04772186279297 | 257868.26901800005
23.600000000000005 | 355.04772186279297 | 257868.2856977084
23.600000000000005 | 355.04772186279297 | 257868.30237741672
23.600000000000005 | 355.04772186279297 | 257868.31905712505
23.600000000000005 | 355.04772186279297 | 257868.3357368334
23.600000000000005 | 355.04772186279297 | 257868.35241654172
23.600000000000005 | 355.04772186279297 | 257868.36909625007
20.2 | 355.04772186279297 | 257868.3857759584
20.2 | 355.04772186279297 | 257868.4024556667
20.2 | 355.04772186279297 | 257868.41913537506
20.2 | 355.04772186279297 | 257868.4358150834
20.2 | 355.04772186279297 | 257868.4524947917
20.2 | 413.25089263916016 | 257868.46917450006
20.2 | 455.09466552734375 | 257868.48585420838
20.2 | 455.09466552734375 | 257868.50253391673
17.7 | 455.09466552734375 | 257868.51921362506
17.7 | 455.09466552734375 | 257868.53589333338
17.7 | 455.09466552734375 | 257868.55257304173
17.7 | 455.09466552734375 | 257868.56925275005
17.7 | 455.09466552734375 | 257868.5859324584
17.7 | 455.09466552734375 | 257868.60261216672
17.7 | 455.09466552734375 | 257868.61929187505
12.3 | 455.09466552734375 | 257868.6359715834
12.3 | 455.09466552734375 | 257868.65265129172
12.3 | 455.09466552734375 | 257868.66933100007
12.3 | 455.09466552734375 | 257868.6860107084
12.3 | 455.09466552734375 | 257868.7026904167
12.3 | 455.09466552734375 | 257868.71937012507
12.3 | 455.09466552734375 | 257868.7360498334
12.3 | 455.09466552734375 | 257868.7527295417
11.1 | 455.09466552734375 | 257868.76940925006
11.1 | 455.09466552734375 | 257868.78608895838
11.1 | 455.09466552734375 | 257868.80276866673
11.1 | 455.09466552734375 | 257868.81944837506
11.1 | 455.09466552734375 | 257868.83612808338
11.1 | 455.09466552734375 | 257868.85280779173
11.1 | 455.09466552734375 | 257868.86948750005
9.4 | 455.09466552734375 | 257868.8861672084
9.4 | 455.09466552734375 | 257868.90284691672
9.4 | 455.09466552734375 | 257868.91952662505
9.4 | 455.09466552734375 | 257868.9362063334
9.4 | 455.11029052734375 | 257868.95288604172
9.4 | 455.11029052734375 | 257868.96956575007
9.4 | 455.11029052734375 | 257868.9862454584
9.4 | 455.11029052734375 | 257869.00292516671
10.200000000000001 | 455.11029052734375 | 257869.01960487507
10.200000000000001 | 455.11029052734375 | 257869.0362845834
10.200000000000001 | 455.11029052734375 | 257869.0529642917
10.200000000000001 | 455.11029052734375 | 257869.06964400006
10.200000000000001 | 455.11029052734375 | 257869.08632370838
10.200000000000001 | 499.61033630371094 | 257869.10300341673
10.200000000000001 | 555.1572341918945 | 257869.11968312506
17.9 | 555.1572341918945 | 257869.13636283338
17.9 | 555.1572341918945 | 257869.15304254173
17.9 | 555.1572341918945 | 257869.16972225005
17.9 | 555.1572341918945 | 257869.1864019584
17.9 | 555.1572341918945 | 257869.20308166672
17.9 | 555.1572341918945 | 257869.21976137505
17.9 | 555.1572341918945 | 257869.2364410834
17.9 | 555.1572341918945 | 257869.25312079172
15.3 | 555.1572341918945 | 257869.26980050004
15.3 | 555.1572341918945 | 257869.2864802084
15.3 | 555.1572341918945 | 257869.30315991672
15.3 | 555.1572341918945 | 257869.31983962507
15.3 | 555.1572341918945 | 257869.3365193334
15.3 | 555.1572341918945 | 257869.3531990417
15.3 | 555.1572341918945 | 257869.36987875006
16.200000000000003 | 555.1572341918945 | 257869.38655845838
16.200000000000003 | 555.1572341918945 | 257869.40323816673
16.200000000000003 | 555.1572341918945 | 257869.41991787506
16.200000000000003 | 555.1572341918945 | 257869.43659758338
16.200000000000003 | 555.1572341918945 | 257869.45327729173
16.200000000000003 | 555.1572341918945 | 257869.46995700005
16.200000000000003 | 555.1572341918945 | 257869.4866367084
16.200000000000003 | 555.1572341918945 | 257869.50331641673
15.4 | 555.1572341918945 | 257869.51999612505
15.4 | 555.1572341918945 | 257869.5366758334
15.4 | 555.1572341918945 | 257869.55335554172
15.4 | 555.1572341918945 | 257869.57003525004
15.4 | 555.1572341918945 | 257869.5867149584
15.4 | 555.1572341918945 | 257869.60339466672
15.4 | 555.1572341918945 | 257869.62007437507
15.7 | 555.1572341918945 | 257869.6367540834
15.7 | 555.1572341918945 | 257869.6534337917
15.7 | 576.7353820800781 | 257869.67011350006
15.7 | 655.2198257446289 | 257869.68679320838
15.7 | 655.2198257446289 | 257869.70347291674
15.7 | 655.2198257446289 | 257869.72015262506
15.7 | 655.2198257446289 | 257869.73683233338
15.7 | 655.2198257446289 | 257869.75351204173
21.3 | 655.2198257446289 | 257869.77019175005
21.3 | 655.2198257446289 | 257869.7868714584
21.3 | 655.2198257446289 | 257869.80355116673
21.3 | 655.2198257446289 | 257869.82023087505
21.3 | 655.2198257446289 | 257869.8369105834
21.3 | 655.2198257446289 | 257869.85359029172
21.3 | 655.2198257446289 | 257869.87027000004
23.0 | 655.2198257446289 | 257869.8869497084
23.0 | 655.2198257446289 | 257869.90362941672
23.0 | 655.2198257446289 | 257869.92030912507
23.0 | 656.6885757446289 | 257869.9369888334
23.0 | 755.2667694091797 | 257869.9536685417
23.0 | 755.2667694091797 | 257869.97034825006
23.0 | 755.2667694091797 | 257869.98702795838
23.0 | 755.2667694091797 | 257870.00370766674
27.8 | 755.2667694091797 | 257870.02038737506
27.8 | 755.2667694091797 | 257870.03706708338
27.8 | 755.2667694091797 | 257870.05374679173
27.8 | 755.2667694091797 | 257870.07042650005
27.8 | 755.2667694091797 | 257870.0871062084
27.8 | 755.2667694091797 | 257870.10378591673
27.8 | 755.2667694091797 | 257870.12046562505
25.5 | 755.2667694091797 | 257870.1371453334
25.5 | 755.2667694091797 | 257870.15382504172
25.5 | 755.2667694091797 | 257870.17050475004
25.5 | 755.2667694091797 | 257870.1871844584
25.5 | 755.2667694091797 | 257870.20386416672
25.5 | 755.2667694091797 | 257870.22054387507
25.5 | 755.2667694091797 | 257870.2372235834
25.5 | 755.2667694091797 | 257870.2539032917
22.200000000000003 | 755.2667694091797 | 257870.27058300006
22.200000000000003 | 755.2667694091797 | 257870.28726270839
22.200000000000003 | 755.2667694091797 | 257870.30394241674
22.200000000000003 | 755.2667694091797 | 257870.32062212506
22.200000000000003 | 805.4230422973633 | 257870.33730183338
22.200000000000003 | 855.3137130737305 | 257870.35398154173
22.200000000000003 | 855.3137130737305 | 257870.37066125005
23.900000000000002 | 855.3137130737305 | 257870.38734095838
23.900000000000002 | 855.3137130737305 | 257870.40402066673
23.900000000000002 | 855.3137130737305 | 257870.42070037505
23.900000000000002 | 855.3137130737305 | 257870.4373800834
23.900000000000002 | 855.3137130737305 | 257870.45405979172
23.900000000000002 | 855.3137130737305 | 257870.47073950004
23.900000000000002 | 855.3137130737305 | 257870.4874192084
23.900000000000002 | 855.3137130737305 | 257870.50409891672
19.900000000000002 | 855.3137130737305 | 257870.52077862507
19.900000000000002 | 855.3137130737305 | 257870.5374583334
19.900000000000002 | 855.3137130737305 | 257870.5541380417
19.900000000000002 | 855.3137130737305 | 257870.57081775006
19.900000000000002 | 855.3137130737305 | 257870.5874974584
19.900000000000002 | 855.3137130737305 | 257870.60417716674
19.900000000000002 | 855.3137130737305 | 257870.62085687506
18.0 | 855.3137130737305 | 257870.63753658338
18.0 | 855.3137130737305 | 257870.65421629173
18.0 | 855.3137130737305 | 257870.67089600005
18.0 | 855.3137130737305 | 257870.68757570838
18.0 | 855.3137130737305 | 257870.70425541673
18.0 | 855.3137130737305 | 257870.72093512505
18.0 | 855.3137130737305 | 257870.7376148334
18.0 | 855.3137130737305 | 257870.75429454172
18.700000000000003 | 855.3137130737305 | 257870.77097425004
18.700000000000003 | 870.5324630737305 | 257870.7876539584
18.700000000000003 | 955.3606567382812 | 257870.80433366672
18.700000000000003 | 955.3606567382812 | 257870.82101337507
18.700000000000003 | 955.3606567382812 | 257870.8376930834
18.700000000000003 | 955.3606567382812 | 257870.8543727917
18.700000000000003 | 955.3606567382812 | 257870.87105250006
22.400000000000002 | 955.3606567382812 | 257870.8877322084
22.400000000000002 | 955.3606567382812 | 257870.90441191674
22.400000000000002 | 955.3606567382812 | 257870.92109162506
22.400000000000002 | 955.3606567382812 | 257870.93777133338
22.400000000000002 | 955.3606567382812 | 257870.95445104173
22.400000000000002 | 955.3606567382812 | 257870.97113075005
22.400000000000002 | 955.3606567382812 | 257870.98781045838
22.400000000000002 | 955.3606567382812 | 257871.00449016673
14.499999999999998 | 955.3606567382812 | 257871.02116987505
14.499999999999998 | 955.3606567382812 | 257871.0378495834
14.499999999999998 | 955.3606567382812 | 257871.05452929172
14.499999999999998 | 955.3606567382812 | 257871.07120900005
14.499999999999998 | 955.3606567382812 | 257871.0878887084
14.499999999999998 | 955.3606567382812 | 257871.10456841672
14.499999999999998 | 955.3606567382812 | 257871.12124812507
9.7 | 955.3606567382812 | 257871.1379278334
9.7 | 955.3606567382812 | 257871.1546075417
9.7 | 955.3606567382812 | 257871.17128725006
9.7 | 955.3606567382812 | 257871.1879669584
9.7 | 955.3606567382812 | 257871.2046466667
9.7 | 955.3606567382812 | 257871.22132637506
9.7 | 955.3606567382812 | 257871.23800608338
9.7 | 955.3606567382812 | 257871.25468579173
27.5 | 955.3606567382812 | 257871.27136550006
27.5 | 955.3606567382812 | 257871.28804520838
27.5 | 955.3606567382812 | 257871.30472491673
27.5 | 955.3606567382812 | 257871.32140462505
27.5 | 955.3606567382812 | 257871.3380843334
27.5 | 1007.2200775146484 | 257871.35476404172
27.5 | 1023.2200775146484 | 257871.37144375005
24.4 | 1039.704475402832 | 257871.3881234584
24.4 | 1055.423225402832 | 257871.40480316672
24.4 | 1055.423225402832 | 257871.42148287507
24.4 | 1055.423225402832 | 257871.4381625834
24.4 | 1055.423225402832 | 257871.4548422917
24.4 | 1055.423225402832 | 257871.47152200007
24.4 | 1055.423225402832 | 257871.4882017084
24.4 | 1055.423225402832 | 257871.5048814167
28.500000000000004 | 1055.423225402832 | 257871.52156112506
28.500000000000004 | 1055.423225402832 | 257871.53824083338
28.500000000000004 | 1055.423225402832 | 257871.55492054173
28.500000000000004 | 1055.423225402832 | 257871.57160025006
28.500000000000004 | 1055.423225402832 | 257871.58827995838
28.500000000000004 | 1055.423225402832 | 257871.60495966673
28.500000000000004 | 1055.423225402832 | 257871.62163937505
25.7 | 1055.423225402832 | 257871.6383190834
25.7 | 1055.423225402832 | 257871.65499879172
25.7 | 1055.423225402832 | 257871.67167850005
25.7 | 1055.423225402832 | 257871.6883582084
25.7 | 1055.423225402832 | 257871.70503791672
25.7 | 1055.423225402832 | 257871.72171762507
25.7 | 1055.423225402832 | 257871.7383973334
25.7 | 1055.423225402832 | 257871.75507704171
22.6 | 1055.423225402832 | 257871.77175675007
22.6 | 1055.423225402832 | 257871.7884364584
22.6 | 1055.423225402832 | 257871.8051161667
22.6 | 1055.423225402832 | 257871.82179587506
22.6 | 1055.423225402832 | 257871.83847558338
22.6 | 1069.860725402832 | 257871.85515529173
22.6 | 1140.9545440673828 | 257871.87183500006
26.3 | 1151.8920440673828 | 257871.88851470838
26.3 | 1155.4545440673828 | 257871.90519441673
26.3 | 1155.4545440673828 | 257871.92187412505
26.3 | 1155.4545440673828 | 257871.9385538334
26.3 | 1155.4857940673828 | 257871.95523354172
26.3 | 1155.4857940673828 | 257871.97191325005
26.3 | 1155.4857940673828 | 257871.9885929584
26.3 | 1155.4857940673828 | 257872.00527266672
24.599999999999998 | 1155.4857940673828 | 257872.02195237507
24.599999999999998 | 1155.4857940673828 | 257872.0386320834
24.599999999999998 | 1155.4857940673828 | 257872.05531179172
24.599999999999998 | 1155.4857940673828 | 257872.07199150007
24.599999999999998 | 1155.4857940673828 | 257872.0886712084
24.599999999999998 | 1155.4857940673828 | 257872.1053509167
24.599999999999998 | 1155.4857940673828 | 257872.12203062506
21.1 | 1155.4857940673828 | 257872.13871033338
21.1 | 1155.4857940673828 | 257872.15539004173
21.1 | 1155.4857940673828 | 257872.17206975006
21.1 | 1155.4857940673828 | 257872.18874945838
21.1 | 1155.4857940673828 | 257872.20542916673
21.1 | 1155.4857940673828 | 257872.22210887505
21.1 | 1155.4857940673828 | 257872.2387885834
21.1 | 1155.4857940673828 | 257872.25546829173
18.8 | 1155.4857940673828 | 257872.27214800005
18.8 | 1155.4857940673828 | 257872.2888277084
18.8 | 1155.4857940673828 | 257872.30550741672
18.8 | 1155.4857940673828 | 257872.32218712504
18.8 | 1155.4857940673828 | 257872.3388668334
18.8 | 1155.4857940673828 | 257872.35554654172
18.8 | 1155.4857940673828 | 257872.37222625007
18.1 | 1155.4857940673828 | 257872.3889059584
18.1 | 1227.22021484375 | 257872.4055856667
18.1 | 1255.5327377319336 | 257872.42226537506
18.1 | 1255.5327377319336 | 257872.43894508338
18.1 | 1255.5327377319336 | 257872.45562479174
18.1 | 1255.5327377319336 | 257872.47230450006
18.1 | 1255.5327377319336 | 257872.48898420838
18.1 | 1255.5327377319336 | 257872.50566391673
23.600000000000005 | 1255.5327377319336 | 257872.52234362505
23.600000000000005 | 1255.5327377319336 | 257872.5390233334
23.600000000000005 | 1255.5014877319336 | 257872.55570304173
23.600000000000005 | 1255.5014877319336 | 257872.57238275005
23.600000000000005 | 1255.4858627319336 | 257872.5890624584
23.600000000000005 | 1332.7202835083008 | 257872.60574216672
23.600000000000005 | 1355.5171585083008 | 257872.62242187504
35.8 | 1355.5171585083008 | 257872.6391015834
35.8 | 1355.5171585083008 | 257872.65578129172
35.8 | 1355.5171585083008 | 257872.67246100007
35.8 | 1355.5171585083008 | 257872.6891407084
35.8 | 1355.5171585083008 | 257872.7058204167
35.8 | 1355.5171585083008 | 257872.72250012506
35.8 | 1355.5171585083008 | 257872.73917983338
35.8 | 1355.5171585083008 | 257872.75585954174
27.2 | 1355.5171585083008 | 257872.77253925006
27.2 | 1355.5171585083008 | 257872.78921895838
27.2 | 1355.5171585083008 | 257872.80589866673
27.2 | 1355.5171585083008 | 257872.82257837505
27.2 | 1355.5171585083008 | 257872.8392580834
27.2 | 1355.5171585083008 | 257872.85593779173
27.2 | 1355.5171585083008 | 257872.87261750005
19.4 | 1355.5171585083008 | 257872.8892972084
19.4 | 1355.5171585083008 | 257872.90597691672
19.4 | 1355.5171585083008 | 257872.92265662504
19.4 | 1355.5171585083008 | 257872.9393363334
19.4 | 1355.5171585083008 | 257872.95601604172
19.4 | 1355.5171585083008 | 257872.97269575007
19.4 | 1355.5171585083008 | 257872.9893754584
19.4 | 1355.5171585083008 | 257873.0060551667
15.5 | 1355.5171585083008 | 257873.02273487506
15.5 | 1355.5171585083008 | 257873.03941458339
15.5 | 1355.5171585083008 | 257873.05609429174
15.5 | 1355.5171585083008 | 257873.07277400006
15.5 | 1355.5171585083008 | 257873.08945370838
15.5 | 1355.5171585083008 | 257873.10613341673
15.5 | 1355.5171585083008 | 257873.12281312505
12.1 | 1355.5171585083008 | 257873.13949283338
12.1 | 1355.5171585083008 | 257873.15617254173
12.1 | 1355.5171585083008 | 257873.17285225005
12.1 | 1355.5171585083008 | 257873.1895319584
12.1 | 1355.5171585083008 | 257873.20621166672
12.1 | 1355.5171585083008 | 257873.22289137504
12.1 | 1355.5171585083008 | 257873.2395710834
12.1 | 1355.5171585083008 | 257873.25625079172
10.100000000000001 | 1355.5171585083008 | 257873.27293050007
10.100000000000001 | 1355.5171585083008 | 257873.2896102084
10.100000000000001 | 1355.5171585083008 | 257873.3062899167
10.100000000000001 | 1355.5171585083008 | 257873.32296962506
10.100000000000001 | 1355.5171585083008 | 257873.3396493334
10.100000000000001 | 1355.5171585083008 | 257873.35632904174
10.100000000000001 | 1355.5171585083008 | 257873.37300875006
9.2 | 1355.5171585083008 | 257873.38968845838
9.2 | 1355.5171585083008 | 257873.40636816673
9.2 | 1355.5171585083008 | 257873.42304787505
9.2 | 1355.5171585083008 | 257873.43972758338
9.2 | 1355.5171585083008 | 257873.45640729173
9.2 | 1355.5171585083008 | 257873.47308700005
9.2 | 1355.5171585083008 | 257873.4897667084
9.2 | 1355.5171585083008 | 257873.50644641672
8.4 | 1373.4078063964844 | 257873.52312612504
8.4 | 1401.142204284668 | 257873.5398058334
8.4 | 1419.032829284668 | 257873.55648554172
8.4 | 1455.5797500610352 | 257873.57316525007
8.4 | 1455.5797500610352 | 257873.5898449584
8.4 | 1455.5797500610352 | 257873.6065246667
8.4 | 1455.5797500610352 | 257873.62320437506
19.200000000000003 | 1455.5797500610352 | 257873.6398840834
19.200000000000003 | 1455.5797500610352 | 257873.65656379174
19.200000000000003 | 1455.5797500610352 | 257873.67324350006
19.200000000000003 | 1455.5797500610352 | 257873.68992320838
19.200000000000003 | 1455.5797500610352 | 257873.70660291673
19.200000000000003 | 1455.5797500610352 | 257873.72328262505
19.200000000000003 | 1455.5797500610352 | 257873.73996233338
19.200000000000003 | 1455.5797500610352 | 257873.75664204173
15.099999999999998 | 1455.5797500610352 | 257873.77332175005
15.099999999999998 | 1455.5797500610352 | 257873.7900014584
15.099999999999998 | 1455.5797500610352 | 257873.80668116672
15.099999999999998 | 1455.5797500610352 | 257873.82336087505
15.099999999999998 | 1455.5797500610352 | 257873.8400405834
15.099999999999998 | 1455.5797500610352 | 257873.85672029172
15.099999999999998 | 1455.5797500610352 | 257873.87340000007
11.3 | 1455.5797500610352 | 257873.8900797084
11.3 | 1455.5797500610352 | 257873.9067594167
11.3 | 1455.5797500610352 | 257873.92343912506
11.3 | 1455.5797500610352 | 257873.9401188334
11.3 | 1455.5797500610352 | 257873.9567985417
11.3 | 1455.5797500610352 | 257873.97347825006
11.3 | 1455.5797500610352 | 257873.99015795838
12.5 | 254.89144897460938 | 257874.2124080834
12.5 | 254.89144897460938 | 257874.2403535834
12.5 | 254.89144897460938 | 257874.2570332917
29.6 | 254.89144897460938 | 257874.27371300006
29.6 | 254.89144897460938 | 257874.29039270838
29.6 | 254.89144897460938 | 257874.30707241673
29.6 | 313.65711975097656 | 257874.32375212506
29.6 | 354.92274475097656 | 257874.34043183338
29.6 | 354.92274475097656 | 257874.35711154173
29.6 | 354.92274475097656 | 257874.37379125005
30.300000000000004 | 354.92274475097656 | 257874.3904709584
30.300000000000004 | 354.92274475097656 | 257874.40715066672
30.300000000000004 | 354.92274475097656 | 257874.42383037505
30.300000000000004 | 354.92274475097656 | 257874.4405100834
30.300000000000004 | 354.92274475097656 | 257874.45718979172
30.300000000000004 | 354.92274475097656 | 257874.47386950007
30.300000000000004 | 354.92274475097656 | 257874.4905492084
30.300000000000004 | 354.92274475097656 | 257874.50722891671
20.1 | 354.92274475097656 | 257874.52390862507
20.1 | 354.92274475097656 | 257874.5405883334
20.1 | 354.92274475097656 | 257874.5572680417
20.1 | 354.92274475097656 | 257874.57394775006
20.1 | 354.92274475097656 | 257874.59062745838
20.1 | 354.92274475097656 | 257874.60730716673
20.1 | 354.92274475097656 | 257874.62398687506
17.5 | 354.92274475097656 | 257874.64066658338
17.5 | 354.92274475097656 | 257874.65734629173
17.5 | 354.92274475097656 | 257874.67402600005
17.5 | 354.92274475097656 | 257874.6907057084
17.5 | 354.92274475097656 | 257874.70738541672
17.5 | 354.92274475097656 | 257874.72406512505
17.5 | 354.92274475097656 | 257874.7407448334
17.5 | 354.92274475097656 | 257874.75742454172
17.0 | 354.92274475097656 | 257874.77410425007
17.0 | 354.92274475097656 | 257874.7907839584
17.0 | 354.92274475097656 | 257874.80746366672
17.0 | 354.92274475097656 | 257874.82414337507
17.0 | 354.92274475097656 | 257874.8408230834
17.0 | 354.92274475097656 | 257874.8575027917
17.0 | 354.92274475097656 | 257874.87418250006
17.0 | 354.92274475097656 | 257874.89086220838
10.7 | 354.92274475097656 | 257874.90754191673
10.7 | 354.92274475097656 | 257874.92422162506
10.7 | 354.92274475097656 | 257874.94090133338
10.7 | 354.92274475097656 | 257874.95758104173
10.7 | 354.92274475097656 | 257874.97426075005
10.7 | 354.92274475097656 | 257874.9909404584
10.7 | 354.92274475097656 | 257875.00762016673
10.8 | 354.92274475097656 | 257875.02429987505
10.8 | 354.92274475097656 | 257875.0409795834
10.8 | 354.92274475097656 | 257875.05765929172
10.8 | 425.53216552734375 | 257875.07433900004
10.8 | 454.96968841552734 | 257875.0910187084
10.8 | 454.96968841552734 | 257875.10769841672
10.8 | 454.96968841552734 | 257875.12437812507
10.8 | 454.96968841552734 | 257875.1410578334
17.200000000000003 | 454.96968841552734 | 257875.1577375417
17.200000000000003 | 454.96968841552734 | 257875.17441725006
17.200000000000003 | 454.96968841552734 | 257875.19109695838
17.200000000000003 | 454.96968841552734 | 257875.20777666674
17.200000000000003 | 454.96968841552734 | 257875.22445637506
17.200000000000003 | 454.96968841552734 | 257875.24113608338
17.200000000000003 | 454.96968841552734 | 257875.25781579173
15.5 | 454.96968841552734 | 257875.27449550005
15.5 | 454.96968841552734 | 257875.2911752084
15.5 | 454.96968841552734 | 257875.30785491673
15.5 | 454.96968841552734 | 257875.32453462505
15.5 | 454.96968841552734 | 257875.3412143334
15.5 | 454.96968841552734 | 257875.35789404172
15.5 | 454.96968841552734 | 257875.37457375004
15.5 | 454.96968841552734 | 257875.3912534584
10.0 | 454.96968841552734 | 257875.40793316672
10.0 | 454.96968841552734 | 257875.42461287507
10.0 | 454.96968841552734 | 257875.4412925834
10.0 | 454.96968841552734 | 257875.4579722917
10.0 | 454.96968841552734 | 257875.47465200006
10.0 | 454.96968841552734 | 257875.49133170838
10.0 | 454.96968841552734 | 257875.50801141674
6.300000000000001 | 454.96968841552734 | 257875.52469112506
6.300000000000001 | 454.96968841552734 | 257875.54137083338
6.300000000000001 | 454.96968841552734 | 257875.55805054173
6.300000000000001 | 454.96968841552734 | 257875.57473025005
6.300000000000001 | 454.96968841552734 | 257875.5914099584
6.300000000000001 | 454.96968841552734 | 257875.60808966673
6.300000000000001 | 454.96968841552734 | 257875.62476937505
6.300000000000001 | 454.96968841552734 | 257875.6414490834
4.1 | 454.96968841552734 | 257875.65812879172
4.1 | 454.96968841552734 | 257875.67480850004
4.1 | 454.96968841552734 | 257875.6914882084
4.1 | 454.96968841552734 | 257875.70816791672
4.1 | 454.96968841552734 | 257875.72484762507
4.1 | 454.96968841552734 | 257875.7415273334
4.1 | 454.96968841552734 | 257875.7582070417
2.6999999999999997 | 454.96968841552734 | 257875.77488675006
2.6999999999999997 | 454.96968841552734 | 257875.79156645839
2.6999999999999997 | 454.96968841552734 | 257875.80824616674
2.6999999999999997 | 454.96968841552734 | 257875.82492587506
2.6999999999999997 | 454.96968841552734 | 257875.84160558338
2.6999999999999997 | 454.96968841552734 | 257875.85828529173
2.6999999999999997 | 454.96968841552734 | 257875.87496500005
2.6999999999999997 | 454.96968841552734 | 257875.89164470838
1.7000000000000002 | 454.96968841552734 | 257875.90832441673
1.7000000000000002 | 454.96968841552734 | 257875.92500412505
1.7000000000000002 | 454.96968841552734 | 257875.9416838334
1.7000000000000002 | 454.96968841552734 | 257875.95836354172
1.7000000000000002 | 454.96968841552734 | 257875.97504325004
1.7000000000000002 | 454.96968841552734 | 257875.9917229584
1.7000000000000002 | 454.96968841552734 | 257876.00840266672
1.3 | 454.96968841552734 | 257876.02508237507
1.3 | 454.96968841552734 | 257876.0417620834
1.3 | 454.96968841552734 | 257876.0584417917
1.3 | 454.96968841552734 | 257876.07512150006
1.3 | 454.96968841552734 | 257876.0918012084
1.3 | 454.96968841552734 | 257876.10848091674
1.3 | 454.96968841552734 | 257876.12516062506
1.3 | 454.98531341552734 | 257876.14184033338
1.0 | 454.98531341552734 | 257876.15852004173
1.0 | 454.98531341552734 | 257876.17519975005
1.0 | 454.98531341552734 | 257876.19187945838
1.0 | 454.98531341552734 | 257876.20855916673
1.0 | 454.98531341552734 | 257876.22523887505
1.0 | 454.98531341552734 | 257876.2419185834
1.0 | 454.98531341552734 | 257876.25859829172
0.7 | 454.98531341552734 | 257876.27527800004
0.7 | 454.98531341552734 | 257876.2919577084
0.7 | 454.98531341552734 | 257876.30863741672
0.7 | 454.98531341552734 | 257876.32531712507
0.7 | 454.98531341552734 | 257876.3419968334
0.7 | 454.98531341552734 | 257876.3586765417
0.7 | 454.98531341552734 | 257876.37535625006
0.7 | 454.98531341552734 | 257876.3920359584
0.6 | 454.98531341552734 | 257876.40871566674
0.6 | 454.98531341552734 | 257876.42539537506
0.6 | 454.98531341552734 | 257876.44207508338
0.6 | 454.98531341552734 | 257876.45875479173
0.6 | 454.98531341552734 | 257876.47543450005
0.6 | 454.98531341552734 | 257876.49211420838
0.6 | 454.98531341552734 | 257876.50879391673
0.5 | 454.98531341552734 | 257876.52547362505
0.5 | 454.98531341552734 | 257876.5421533334
0.5 | 454.98531341552734 | 257876.55883304172
0.5 | 454.98531341552734 | 257876.57551275005
0.5 | 454.98531341552734 | 257876.5921924584
0.5 | 454.98531341552734 | 257876.60887216672
0.5 | 454.98531341552734 | 257876.62555187507
0.5 | 454.98531341552734 | 257876.6422315834
0.5 | 454.98531341552734 | 257876.6589112917
0.5 | 454.98531341552734 | 257876.67559100006
0.5 | 454.98531341552734 | 257876.6922707084
0.5 | 454.98531341552734 | 257876.7089504167
0.5 | 454.98531341552734 | 257876.72563012506
0.5 | 454.98531341552734 | 257876.74230983338
0.5 | 435.76656341552734 | 257876.75898954173
0.4 | 435.76656341552734 | 257876.77566925006
0.4 | 435.76656341552734 | 257876.79210475006
0.4 | 435.76656341552734 | 257876.80878400005
0.4 | 435.76656341552734 | 257876.82546325005
0.4 | 435.76656341552734 | 257876.84214250007
0.4 | 435.76656341552734 | 257876.85882175007
0.4 | 435.76656341552734 | 257876.87550100006
0.4 | 435.76656341552734 | 257876.89218025006
0.5 | 435.76656341552734 | 257876.90885950005
0.5 | 435.76656341552734 | 257876.92553875005
0.5 | 435.76656341552734 | 257876.94221800007
0.5 | 435.76656341552734 | 257876.95889725006
0.5 | 435.76656341552734 | 257876.97557650006
0.5 | 435.76656341552734 | 257876.99225575005
0.5 | 435.76656341552734 | 257877.00893500005
0.5 | 435.76656341552734 | 257877.02561425004
0.5 | 435.76656341552734 | 257877.04229350007
0.5 | 435.76656341552734 | 257877.05897275006
0.5 | 435.76656341552734 | 257877.07565200006
0.5 | 435.76656341552734 | 257877.09233125005
0.5 | 435.76656341552734 | 257877.10901050005
0.5 | 435.76656341552734 | 257877.12568975004
0.5 | 435.76656341552734 | 257877.14252537506
0.5 | 435.76656341552734 | 257877.15921112505
0.5 | 435.76656341552734 | 257877.17589687507
0.5 | 435.76656341552734 | 257877.19258262505
0.5 | 435.76656341552734 | 257877.20926837507
0.5 | 435.76656341552734 | 257877.22595412505
0.5 | 435.76656341552734 | 257877.24263987507
0.5 | 435.76656341552734 | 257877.25932562505
0.4 | 435.76656341552734 | 257877.27601137507
0.4 | 435.76656341552734 | 257877.29269712506
0.4 | 435.76656341552734 | 257877.30938287504
0.4 | 435.76656341552734 | 257877.32606862506
0.4 | 435.78218841552734 | 257877.34275437504
0.4 | 435.78218841552734 | 257877.35944012506
0.4 | 435.78218841552734 | 257877.37612587505
0.4 | 435.78218841552734 | 257877.39281162506
0.5 | 435.78218841552734 | 257877.40949737505
0.5 | 435.78218841552734 | 257877.42618312506
0.5 | 435.78218841552734 | 257877.44286887505
0.5 | 435.78218841552734 | 257877.45955462506
0.5 | 435.78218841552734 | 257877.47624037505
0.5 | 435.78218841552734 | 257877.49292612507
0.5 | 435.78218841552734 | 257877.50961187505
0.4 | 435.78218841552734 | 257877.52629762507
0.4 | 435.78218841552734 | 257877.54298337505
0.4 | 435.78218841552734 | 257877.55966912507
0.4 | 435.78218841552734 | 257877.57635487505
0.4 | 435.78218841552734 | 257877.59304062507
0.4 | 435.78218841552734 | 257877.60972637506
0.4 | 435.78218841552734 | 257877.62641212504
0.4 | 435.78218841552734 | 257877.64309787506
0.4 | 435.78218841552734 | 257877.65978362504
0.4 | 435.78218841552734 | 257877.67646937506
0.4 | 435.78218841552734 | 257877.69315512505
0.4 | 435.78218841552734 | 257877.70984087506
0.4 | 435.78218841552734 | 257877.72652662505
0.4 | 435.78218841552734 | 257877.74321237506
0.4 | 435.78218841552734 | 257877.75989812505
0.5 | 435.78218841552734 | 257877.77658387506
0.5 | 435.78218841552734 | 257877.79326962505
0.5 | 435.78218841552734 | 257877.80995537507
0.5 | 435.78218841552734 | 257877.82664112505
0.5 | 435.78218841552734 | 257877.84332687507
0.5 | 435.78218841552734 | 257877.86001262505
0.5 | 435.78218841552734 | 257877.87669837507
0.5 | 435.78218841552734 | 257877.89338412505
0.4 | 435.78218841552734 | 257877.91006987507
0.4 | 435.78218841552734 | 257877.92675562506
0.4 | 435.78218841552734 | 257877.94344137504
0.4 | 435.78218841552734 | 257877.96012712506
0.4 | 435.78218841552734 | 257877.97681287504
0.4 | 435.78218841552734 | 257877.99349862506
0.4 | 435.78218841552734 | 257878.01018437505
0.4 | 435.78218841552734 | 257878.02687012506
0.4 | 435.78218841552734 | 257878.04355587505
0.4 | 435.78218841552734 | 257878.06024162506
0.4 | 435.78218841552734 | 257878.07692737505
0.4 | 435.78218841552734 | 257878.09361312506
0.4 | 435.78218841552734 | 257878.11029887505
0.4 | 435.78218841552734 | 257878.12698462507
0.4 | 435.78218841552734 | 257878.14367037505
0.4 | 435.78218841552734 | 257878.16035612507
0.4 | 435.78218841552734 | 257878.17704187505
0.4 | 435.78218841552734 | 257878.19372762507
0.4 | 435.78218841552734 | 257878.21041337505
0.4 | 435.78218841552734 | 257878.22709912507
0.4 | 435.78218841552734 | 257878.24378487506
0.4 | 435.78218841552734 | 257878.26047062504
0.4 | 435.78218841552734 | 257878.27715637506
0.4 | 435.78218841552734 | 257878.29384212504
0.4 | 435.78218841552734 | 257878.31052787506
0.4 | 435.78218841552734 | 257878.32721362505
0.4 | 435.78218841552734 | 257878.34389937506
0.4 | 435.78218841552734 | 257878.36058512505
0.4 | 435.78218841552734 | 257878.37727087506
0.4 | 435.78218841552734 | 257878.39395662505
0.4 | 435.78218841552734 | 257878.41064237506
0.4 | 435.78218841552734 | 257878.42732812505
0.4 | 435.78218841552734 | 257878.44401387507
0.4 | 435.78218841552734 | 257878.46069962505
0.4 | 435.78218841552734 | 257878.47738537507
0.4 | 435.78218841552734 | 257878.49407112505
0.4 | 435.78218841552734 | 257878.51075687507
0.4 | 435.78218841552734 | 257878.52744262505
0.4 | 435.78218841552734 | 257878.54412837507
0.4 | 435.78218841552734 | 257878.56081412506
0.4 | 435.78218841552734 | 257878.57749987504
0.4 | 435.78218841552734 | 257878.59418562506
0.4 | 435.78218841552734 | 257878.61087137504
0.4 | 435.78218841552734 | 257878.62755712506
0.4 | 435.78218841552734 | 257878.64424287505
0.4 | 435.78218841552734 | 257878.66092862506
0.4 | 435.78218841552734 | 257878.67761437505
0.4 | 435.78218841552734 | 257878.69430012506
0.4 | 435.78218841552734 | 257878.71098587505
0.4 | 435.78218841552734 | 257878.72767162506
0.4 | 435.78218841552734 | 257878.74435737505
0.4 | 435.78218841552734 | 257878.76104312507
0.4 | 435.78218841552734 | 257878.77772887505
0.4 | 435.78218841552734 | 257878.79441462507
0.4 | 435.78218841552734 | 257878.81110037505
0.4 | 435.78218841552734 | 257878.82778612507
0.4 | 435.78218841552734 | 257878.84447187505
0.4 | 435.78218841552734 | 257878.86115762507
0.4 | 435.78218841552734 | 257878.87784337506
0.4 | 435.78218841552734 | 257878.89452912507
0.4 | 435.78218841552734 | 257878.91121487506
0.4 | 435.78218841552734 | 257878.92790062504
0.4 | 435.78218841552734 | 257878.94390479173
0.4 | 435.78218841552734 | 257878.96058425005
0.4 | 435.78218841552734 | 257878.9772637084
0.4 | 435.78218841552734 | 257878.99394316672
0.4 | 435.78218841552734 | 257879.01062262506
0.4 | 435.78218841552734 | 257879.02730208338
0.6 | 435.76656341552734 | 257879.04398154173
0.6 | 435.76656341552734 | 257879.06066100005
0.6 | 435.76656341552734 | 257879.0773404584
0.6 | 435.76656341552734 | 257879.09401991672
0.6 | 435.76656341552734 | 257879.11069937504
0.6 | 435.76656341552734 | 257879.1273788334
0.6 | 435.76656341552734 | 257879.1440582917
5.5 | 435.76656341552734 | 257879.16073775006
5.5 | 435.71968841552734 | 257879.17741720838
5.5 | 435.71968841552734 | 257879.19409666673
5.5 | 435.71968841552734 | 257879.21077612505
5.5 | 435.71968841552734 | 257879.2274555834
5.5 | 435.71968841552734 | 257879.24413504172
5.5 | 435.71968841552734 | 257879.26081450007
5.5 | 435.71968841552734 | 257879.2774939584
4.2 | 435.71968841552734 | 257879.2941734167
4.2 | 435.71968841552734 | 257879.31085287506
4.2 | 435.71968841552734 | 257879.32753233338
4.2 | 435.71968841552734 | 257879.34421179173
4.2 | 435.71968841552734 | 257879.36089125005
4.2 | 435.71968841552734 | 257879.3777110834
4.2 | 435.71968841552734 | 257879.39439554172
3.8999999999999995 | 435.71968841552734 | 257879.41108000005
3.8999999999999995 | 435.71968841552734 | 257879.42776445838
3.8999999999999995 | 435.71968841552734 | 257879.44444891674
3.8999999999999995 | 435.71968841552734 | 257879.46113337507
3.8999999999999995 | 435.71968841552734 | 257879.47766291673
3.8999999999999995 | 435.71968841552734 | 257879.49434279173
3.8999999999999995 | 435.71968841552734 | 257879.51102266673
3.8999999999999995 | 435.71968841552734 | 257879.52770254173
3.8000000000000003 | 435.71968841552734 | 257879.54438241673
3.8000000000000003 | 435.71968841552734 | 257879.56106229173
3.8000000000000003 | 435.71968841552734 | 257879.57774216673
3.8000000000000003 | 435.71968841552734 | 257879.59442204173
3.8000000000000003 | 435.71968841552734 | 257879.61110191673
3.8000000000000003 | 435.71968841552734 | 257879.62778179173
3.8000000000000003 | 435.71968841552734 | 257879.64446166673
3.8000000000000003 | 435.71968841552734 | 257879.66114154173
3.3000000000000003 | 435.71968841552734 | 257879.67782141673
3.3000000000000003 | 435.71968841552734 | 257879.69450129173
3.3000000000000003 | 435.71968841552734 | 257879.71118116673
3.3000000000000003 | 435.71968841552734 | 257879.72786104173
3.3000000000000003 | 435.71968841552734 | 257879.74454091673
3.3000000000000003 | 435.71968841552734 | 257879.76122079173
3.3000000000000003 | 535.7666320800781 | 257879.77790066673
13.4 | 535.7666320800781 | 257879.79458054173
13.4 | 535.7666320800781 | 257879.81126041673
13.4 | 535.7666320800781 | 257879.82794029173
13.4 | 535.7666320800781 | 257879.84462016672
13.4 | 535.7666320800781 | 257879.86130004172
13.4 | 535.7666320800781 | 257879.87797991672
13.4 | 535.7666320800781 | 257879.89465979172
13.4 | 535.7666320800781 | 257879.91133966672
13.3 | 535.7666320800781 | 257879.92801954172
13.3 | 535.7666320800781 | 257879.94469941672
13.3 | 535.7666320800781 | 257879.96137929172
13.3 | 535.7666320800781 | 257879.97805916672
13.3 | 535.7666320800781 | 257879.99473904172
13.3 | 535.7666320800781 | 257880.01141891672
13.3 | 535.7666320800781 | 257880.02809879172
10.7 | 535.7666320800781 | 257880.04477866672
10.7 | 535.7666320800781 | 257880.06145854172
10.7 | 535.7666320800781 | 257880.07813841672
10.7 | 535.7666320800781 | 257880.09481829172
10.7 | 535.7666320800781 | 257880.11149816672
10.7 | 535.7666320800781 | 257880.12817804172
10.7 | 535.7666320800781 | 257880.14485791672
10.7 | 535.7666320800781 | 257880.16153779172
10.0 | 535.7666320800781 | 257880.17821766672
10.0 | 535.7666320800781 | 257880.19489754172
10.0 | 535.7666320800781 | 257880.21157741672
10.0 | 535.7666320800781 | 257880.22825729172
10.0 | 535.7666320800781 | 257880.24493716672
10.0 | 535.7666320800781 | 257880.26161704172
10.0 | 535.7666320800781 | 257880.27829691672
9.700000000000001 | 535.7666320800781 | 257880.29497679172
9.700000000000001 | 535.7666320800781 | 257880.31165666672
9.700000000000001 | 535.7666320800781 | 257880.32833654172
9.700000000000001 | 535.7666320800781 | 257880.34501641672
9.700000000000001 | 535.7666320800781 | 257880.36169629171
9.700000000000001 | 535.7666320800781 | 257880.37837616671
9.700000000000001 | 535.7666320800781 | 257880.3950560417
9.700000000000001 | 535.7666320800781 | 257880.4117359167
9.8 | 535.7666320800781 | 257880.4284157917
9.8 | 535.7666320800781 | 257880.4450956667
9.8 | 535.7666320800781 | 257880.4617755417
9.8 | 535.7666320800781 | 257880.4784554167
9.8 | 535.7666320800781 | 257880.4951352917
9.8 | 535.7666320800781 | 257880.5118151667
9.8 | 535.7666320800781 | 257880.5284950417
8.3 | 535.7666320800781 | 257880.5451749167
8.3 | 535.7666320800781 | 257880.5618547917
8.3 | 535.7666320800781 | 257880.5785346667
8.3 | 535.7666320800781 | 257880.5952145417
8.3 | 535.7666320800781 | 257880.6118944167
8.3 | 535.7666320800781 | 257880.6285742917
8.3 | 535.7666320800781 | 257880.6452541667
8.3 | 535.7666320800781 | 257880.6619340417
5.2 | 535.7666320800781 | 257880.6786139167
5.2 | 535.7666320800781 | 257880.69529379174
5.2 | 535.7666320800781 | 257880.71197366674
5.2 | 535.7666320800781 | 257880.72865354174
5.2 | 535.7666320800781 | 257880.74533341674
5.2 | 535.7666320800781 | 257880.76201329174
5.2 | 535.7666320800781 | 257880.77869316674
3.5 | 535.7666320800781 | 257880.79537304174
3.5 | 535.7666320800781 | 257880.81205291674
3.5 | 535.7666320800781 | 257880.82873279174
3.5 | 535.7666320800781 | 257880.84541266673
3.5 | 535.7666320800781 | 257880.86209254173
3.5 | 535.7666320800781 | 257880.87877241673
3.5 | 535.7666320800781 | 257880.89545229173
3.5 | 535.7666320800781 | 257880.91213216673
4.5 | 535.7666320800781 | 257880.92881204173
4.5 | 553.0479049682617 | 257880.94549191673
4.5 | 635.8292236328125 | 257880.96217179173
4.5 | 635.8292236328125 | 257880.97885166673
4.5 | 635.8292236328125 | 257880.99553154173
4.5 | 635.8292236328125 | 257881.01221141673
4.5 | 635.8292236328125 | 257881.02889129173
9.1 | 635.8292236328125 | 257881.04557116673
9.1 | 635.8292236328125 | 257881.06225104173
9.1 | 635.8292236328125 | 257881.07893091673
9.1 | 635.8292236328125 | 257881.09561079173
9.1 | 635.8292236328125 | 257881.11229066673
9.1 | 635.8292236328125 | 257881.12897054173
9.1 | 635.8292236328125 | 257881.14565041673
9.1 | 635.8292236328125 | 257881.16233029173
10.400000000000002 | 635.8292236328125 | 257881.17901016673
10.400000000000002 | 635.8292236328125 | 257881.19569004173
10.400000000000002 | 635.8292236328125 | 257881.21236991673
10.400000000000002 | 635.8292236328125 | 257881.22904979173
10.400000000000002 | 635.8292236328125 | 257881.24572966673
10.400000000000002 | 635.8292236328125 | 257881.26240954173
10.400000000000002 | 635.8292236328125 | 257881.27908941673
9.4 | 635.8292236328125 | 257881.29576929173
9.4 | 635.8292236328125 | 257881.31244916673
9.4 | 635.8292236328125 | 257881.32912904173
9.4 | 635.8292236328125 | 257881.34580891673
9.4 | 635.8292236328125 | 257881.36248879172
9.4 | 635.8292236328125 | 257881.37916866672
9.4 | 635.8292236328125 | 257881.39584854172
9.4 | 635.8292236328125 | 257881.41252841672
11.3 | 635.8292236328125 | 257881.42920829172
11.3 | 635.8292236328125 | 257881.44588816672
11.3 | 635.8292236328125 | 257881.46256804172
11.3 | 635.8292236328125 | 257881.47924791672
11.3 | 635.8292236328125 | 257881.49592779172
11.3 | 635.8292236328125 | 257881.51260766672
11.3 | 635.8292236328125 | 257881.52928754172
8.2 | 635.8292236328125 | 257881.54596741672
8.2 | 635.8292236328125 | 257881.56264729172
8.2 | 635.8292236328125 | 257881.57932716672
8.2 | 635.8292236328125 | 257881.59600704172
8.2 | 635.8292236328125 | 257881.61268691672
8.2 | 635.8292236328125 | 257881.62936679172
8.2 | 635.8292236328125 | 257881.64604666672
8.2 | 635.8292236328125 | 257881.66272654172
11.700000000000001 | 635.8292236328125 | 257881.67940641672
11.700000000000001 | 635.8292236328125 | 257881.69608629172
11.700000000000001 | 635.8292236328125 | 257881.71276616672
11.700000000000001 | 635.8292236328125 | 257881.72944604172
11.700000000000001 | 635.8292236328125 | 257881.74612591672
11.700000000000001 | 635.8292236328125 | 257881.76280579172
11.700000000000001 | 635.8292236328125 | 257881.77948566672
7.699999999999999 | 635.8292236328125 | 257881.79616554172
7.699999999999999 | 635.8292236328125 | 257881.81284541672
7.699999999999999 | 635.8292236328125 | 257881.82952529172
7.699999999999999 | 635.8292236328125 | 257881.84620516672
7.699999999999999 | 635.8292236328125 | 257881.86288504172
7.699999999999999 | 635.8292236328125 | 257881.87956491672
7.699999999999999 | 635.8292236328125 | 257881.89624479171
7.699999999999999 | 635.8292236328125 | 257881.9129246667
8.9 | 635.8292236328125 | 257881.9296045417
8.9 | 635.8292236328125 | 257881.9462844167
8.9 | 635.8292236328125 | 257881.9629642917
8.9 | 635.8292236328125 | 257881.9796441667
8.9 | 635.8292236328125 | 257881.9963240417
8.9 | 635.8292236328125 | 257882.0130039167
8.9 | 635.8292236328125 | 257882.0296837917
9.700000000000001 | 635.8448486328125 | 257882.0463636667
9.700000000000001 | 635.8448486328125 | 257882.0630435417
9.700000000000001 | 635.8448486328125 | 257882.0797234167
--- NEW BENCHMARK RUN ---

CPU | Memory (MB) | Timestamp
---
34.99999999999999 | 1222.0014419555664 | 261151.71438850006
34.99999999999999 | 1224.2358169555664 | 261151.7310617917
34.99999999999999 | 1260.6264877319336 | 261151.7477350834
34.99999999999999 | 1260.6264877319336 | 261151.76440837505
34.99999999999999 | 1260.6264877319336 | 261151.78108166673
34.99999999999999 | 1260.6264877319336 | 261151.7977549584
34.99999999999999 | 1260.6264877319336 | 261151.81442825004
34.99999999999999 | 1260.6264877319336 | 261151.83110154173
34.99999999999999 | 1260.6264877319336 | 261151.84777483338
30.7 | 1260.6264877319336 | 261151.86444812507
30.7 | 1260.6264877319336 | 261151.88112141672
30.7 | 1260.6264877319336 | 261151.89779470838
30.7 | 1260.6264877319336 | 261151.91446800006
30.7 | 1260.6264877319336 | 261151.93114129172
30.7 | 1260.6264877319336 | 261151.9478145834
30.7 | 1260.6264877319336 | 261151.96448787506
31.8 | 1260.6264877319336 | 261151.9811611667
31.8 | 1260.6264877319336 | 261151.9978344584
31.8 | 1260.6264877319336 | 261152.01450775005
31.8 | 1357.3453063964844 | 261152.03118104173
31.8 | 1360.7203063964844 | 261152.0478543334
31.8 | 1360.7203063964844 | 261152.06452762504
31.8 | 1360.7359313964844 | 261152.08120091673
31.8 | 1360.7359313964844 | 261152.09787420838
42.1 | 1360.7359313964844 | 261152.11454750007
42.1 | 1360.7359313964844 | 261152.13122079172
42.1 | 1360.7359313964844 | 261152.14789408338
42.1 | 1360.7359313964844 | 261152.16456737506
42.1 | 1427.5797271728516 | 261152.18124066672
42.1 | 1460.7828750610352 | 261152.1979139584
42.1 | 1460.7828750610352 | 261152.21458725006
43.1 | 1460.7828750610352 | 261152.2312605417
43.1 | 1460.7828750610352 | 261152.2479338334
43.1 | 1460.7828750610352 | 261152.26460712505
43.1 | 1460.7828750610352 | 261152.28128041673
43.1 | 1460.7828750610352 | 261152.2979537084
43.1 | 1460.7828750610352 | 261152.31462700004
43.1 | 1460.7828750610352 | 261152.33130029173
43.1 | 1460.7828750610352 | 261152.34797358338
32.7 | 1460.7828750610352 | 261152.36464687507
32.7 | 1460.7828750610352 | 261152.38132016672
32.7 | 1460.7828750610352 | 261152.39799345838
32.7 | 1460.7828750610352 | 261152.41466675006
32.7 | 1460.7828750610352 | 261152.43134004172
32.7 | 1460.7828750610352 | 261152.4480133334
32.7 | 1460.7828750610352 | 261152.46468662506
25.400000000000002 | 1460.7828750610352 | 261152.4813599167
25.400000000000002 | 1460.7828750610352 | 261152.4980332084
25.400000000000002 | 1460.7828750610352 | 261152.51470650005
25.400000000000002 | 1460.7828750610352 | 261152.53137979173
25.400000000000002 | 1460.7828750610352 | 261152.5480530834
25.400000000000002 | 1460.7828750610352 | 261152.56472637504
25.400000000000002 | 1460.7828750610352 | 261152.58139966673
25.400000000000002 | 1479.5797729492188 | 261152.59807295838
26.5 | 1525.9391708374023 | 261152.61474625007
26.5 | 1560.829818725586 | 261152.63141954172
26.5 | 1560.829818725586 | 261152.64809283338
26.5 | 1560.829818725586 | 261152.66476612506
26.5 | 1560.829818725586 | 261152.68143941672
26.5 | 1560.829818725586 | 261152.6981127084
26.5 | 1560.829818725586 | 261152.71478600006
24.400000000000002 | 1560.829818725586 | 261152.7314592917
24.400000000000002 | 1560.829818725586 | 261152.7481325834
24.400000000000002 | 1560.829818725586 | 261152.76480587505
24.400000000000002 | 1560.829818725586 | 261152.78147916673
24.400000000000002 | 1560.829818725586 | 261152.7981524584
24.400000000000002 | 1560.829818725586 | 261152.81482575004
24.400000000000002 | 1560.829818725586 | 261152.83149904173
24.400000000000002 | 1560.829818725586 | 261152.84817233338
19.5 | 1560.829818725586 | 261152.86484562507
19.5 | 1560.829818725586 | 261152.88151891672
19.5 | 1560.829818725586 | 261152.89819220838
19.5 | 1560.829818725586 | 261152.91486550006
19.5 | 1560.829818725586 | 261152.93153879172
19.5 | 1560.829818725586 | 261152.9482120834
19.5 | 1560.829818725586 | 261152.96488537506
17.700000000000003 | 1560.829818725586 | 261152.9815586667
17.700000000000003 | 1560.829818725586 | 261152.9982319584
17.700000000000003 | 1560.829818725586 | 261153.01490525005
17.700000000000003 | 1560.829818725586 | 261153.03157854173
17.700000000000003 | 1560.829818725586 | 261153.0482518334
17.700000000000003 | 1560.829818725586 | 261153.06492512504
17.700000000000003 | 1579.3610916137695 | 261153.08159841673
17.700000000000003 | 1619.1423645019531 | 261153.09827170838
24.100000000000005 | 1633.1267623901367 | 261153.11494500007
24.100000000000005 | 1640.7205123901367 | 261153.13161829172
24.100000000000005 | 1641.9705123901367 | 261153.14829158338
24.100000000000005 | 1653.6423873901367 | 261153.16496487506
24.000000000000004 | 1660.8611373901367 | 261153.18163816672
41.5 | 260.2508239746094 | 261153.4017250834
41.5 | 260.2195739746094 | 261153.41506425006
41.5 | 260.2195739746094 | 261153.43173754172
41.5 | 250.61019897460938 | 261153.4484108334
41.5 | 250.61019897460938 | 261153.46508412506
45.400000000000006 | 250.61019897460938 | 261153.4827748334
45.400000000000006 | 250.61019897460938 | 261153.4994513334
45.400000000000006 | 250.61019897460938 | 261153.5161278334
45.400000000000006 | 250.61019897460938 | 261153.5328043334
45.400000000000006 | 250.61019897460938 | 261153.5494808334
45.400000000000006 | 250.61019897460938 | 261153.56615733338
45.400000000000006 | 250.61019897460938 | 261153.58283383338
45.400000000000006 | 250.61019897460938 | 261153.59951033338
30.4 | 250.61019897460938 | 261153.6161868334
30.4 | 250.61019897460938 | 261153.6328633334
30.4 | 250.61019897460938 | 261153.6495398334
30.4 | 250.61019897460938 | 261153.6662163334
30.4 | 250.61019897460938 | 261153.6828928334
30.4 | 250.61019897460938 | 261153.6995693334
30.4 | 274.79772186279297 | 261153.71624583338
30.900000000000002 | 296.32899475097656 | 261153.73292233338
30.900000000000002 | 317.53211975097656 | 261153.74959883338
30.900000000000002 | 350.64149475097656 | 261153.7662753334
30.900000000000002 | 350.64149475097656 | 261153.7829518334
30.900000000000002 | 350.64149475097656 | 261153.7996283334
30.900000000000002 | 350.64149475097656 | 261153.8163048334
30.900000000000002 | 350.64149475097656 | 261153.8329813334
30.900000000000002 | 350.64149475097656 | 261153.8496578334
29.3 | 350.64149475097656 | 261153.8663343334
29.3 | 350.64149475097656 | 261153.88301083338
29.3 | 350.64149475097656 | 261153.89968733338
29.3 | 350.64149475097656 | 261153.91636383338
29.3 | 350.64149475097656 | 261153.9330403334
29.3 | 350.64149475097656 | 261153.9497168334
29.3 | 350.64149475097656 | 261153.9663933334
20.800000000000004 | 350.64149475097656 | 261153.9830698334
20.800000000000004 | 350.64149475097656 | 261153.9997463334
20.800000000000004 | 350.64149475097656 | 261154.0164228334
20.800000000000004 | 341.03211975097656 | 261154.03309933338
20.800000000000004 | 341.03211975097656 | 261154.04977583338
20.800000000000004 | 341.03211975097656 | 261154.06645233338
20.800000000000004 | 341.03211975097656 | 261154.0831288334
20.800000000000004 | 341.03211975097656 | 261154.0998053334
15.099999999999998 | 341.03211975097656 | 261154.1164818334
15.099999999999998 | 341.03211975097656 | 261154.1331583334
15.099999999999998 | 341.03211975097656 | 261154.1498348334
15.099999999999998 | 341.03211975097656 | 261154.1665113334
15.099999999999998 | 341.03211975097656 | 261154.1831878334
15.099999999999998 | 341.03211975097656 | 261154.19986433338
15.099999999999998 | 341.03211975097656 | 261154.21654083338
11.7 | 341.03211975097656 | 261154.23321733339
11.7 | 341.03211975097656 | 261154.2498938334
11.7 | 341.03211975097656 | 261154.2665703334
11.7 | 341.03211975097656 | 261154.2832468334
11.7 | 341.03211975097656 | 261154.2999233334
11.7 | 341.03211975097656 | 261154.3165998334
11.7 | 341.03211975097656 | 261154.3332763334
11.7 | 341.03211975097656 | 261154.34995283338
13.0 | 341.03211975097656 | 261154.36662933338
13.0 | 341.03211975097656 | 261154.38330583338
13.0 | 341.03211975097656 | 261154.3999823334
13.0 | 341.03211975097656 | 261154.4166588334
13.0 | 341.03211975097656 | 261154.4333353334
13.0 | 342.79774475097656 | 261154.4500118334
13.0 | 441.07906341552734 | 261154.4666883334
18.899999999999995 | 441.07906341552734 | 261154.4833648334
18.899999999999995 | 441.07906341552734 | 261154.50004133338
18.899999999999995 | 441.07906341552734 | 261154.51671783338
18.899999999999995 | 441.07906341552734 | 261154.53339433338
18.899999999999995 | 441.07906341552734 | 261154.5500708334
18.899999999999995 | 441.07906341552734 | 261154.5667473334
18.899999999999995 | 441.07906341552734 | 261154.5834238334
18.899999999999995 | 441.07906341552734 | 261154.6001003334
20.4 | 441.07906341552734 | 261154.6167768334
20.4 | 441.07906341552734 | 261154.6334533334
20.4 | 441.07906341552734 | 261154.6501298334
20.4 | 441.07906341552734 | 261154.66680633338
20.4 | 441.07906341552734 | 261154.68348283338
20.4 | 441.07906341552734 | 261154.70015933338
20.4 | 441.07906341552734 | 261154.7168358334
23.6 | 441.07906341552734 | 261154.7335123334
23.6 | 441.07906341552734 | 261154.7501888334
23.6 | 497.48535919189453 | 261154.7668653334
23.6 | 541.1416549682617 | 261154.7835418334
23.6 | 541.1416549682617 | 261154.8002183334
23.6 | 541.1416549682617 | 261154.81689483338
23.6 | 541.1416549682617 | 261154.83357133338
23.6 | 541.1416549682617 | 261154.85024783338
23.1 | 541.1416549682617 | 261154.8669243334
23.1 | 541.1416549682617 | 261154.8836008334
23.1 | 541.1416549682617 | 261154.9002773334
23.1 | 541.1416549682617 | 261154.9169538334
23.1 | 541.1416549682617 | 261154.9336303334
23.1 | 541.1416549682617 | 261154.9503068334
23.1 | 541.1416549682617 | 261154.9669833334
21.7 | 541.1416549682617 | 261154.98365983338
21.7 | 541.1416549682617 | 261155.00033633338
21.7 | 541.1416549682617 | 261155.01701283338
21.7 | 541.1416549682617 | 261155.0336893334
21.7 | 541.1416549682617 | 261155.0503658334
21.7 | 541.1416549682617 | 261155.0670423334
21.7 | 541.1416549682617 | 261155.0837188334
21.7 | 541.1416549682617 | 261155.1003953334
22.6 | 541.1416549682617 | 261155.1170718334
22.6 | 541.1416549682617 | 261155.13374833338
22.6 | 541.1416549682617 | 261155.15042483338
22.6 | 541.1416549682617 | 261155.16710133338
22.6 | 541.1416549682617 | 261155.1837778334
22.6 | 542.5635299682617 | 261155.2004543334
22.6 | 641.1885986328125 | 261155.2171308334
22.3 | 641.1885986328125 | 261155.2338073334
22.3 | 641.1885986328125 | 261155.2504838334
22.3 | 641.1885986328125 | 261155.2671603334
22.3 | 641.1885986328125 | 261155.2838368334
22.3 | 641.1885986328125 | 261155.30051333338
22.3 | 641.1885986328125 | 261155.31718983338
22.3 | 641.1885986328125 | 261155.33386633339
22.3 | 641.1885986328125 | 261155.3505428334
15.4 | 641.1885986328125 | 261155.3672193334
15.4 | 641.1885986328125 | 261155.3838958334
15.4 | 641.1885986328125 | 261155.4005723334
15.4 | 641.1885986328125 | 261155.4172488334
15.4 | 641.1885986328125 | 261155.4339253334
15.4 | 641.1885986328125 | 261155.45060183338
15.4 | 641.1885986328125 | 261155.46727833338
24.299999999999997 | 641.1885986328125 | 261155.48395483338
24.299999999999997 | 641.1885986328125 | 261155.5006313334
24.299999999999997 | 641.1885986328125 | 261155.5173078334
24.299999999999997 | 641.1885986328125 | 261155.5339843334
24.299999999999997 | 641.1885986328125 | 261155.5506608334
24.299999999999997 | 641.1885986328125 | 261155.5673373334
24.299999999999997 | 641.1885986328125 | 261155.5840138334
24.299999999999997 | 641.1885986328125 | 261155.60069033338
25.700000000000003 | 641.1885986328125 | 261155.61736683338
25.700000000000003 | 641.1885986328125 | 261155.63404333338
25.700000000000003 | 741.2355422973633 | 261155.6507198334
25.700000000000003 | 741.2355422973633 | 261155.6673963334
25.700000000000003 | 741.2355422973633 | 261155.6840728334
25.700000000000003 | 741.2355422973633 | 261155.7007493334
25.700000000000003 | 741.2355422973633 | 261155.7174258334
27.3 | 741.2355422973633 | 261155.7341023334
27.3 | 741.2355422973633 | 261155.7507788334
27.3 | 741.2355422973633 | 261155.76745533338
27.3 | 741.2355422973633 | 261155.78413183338
27.3 | 741.2355422973633 | 261155.80080833338
27.3 | 741.2355422973633 | 261155.8174848334
27.3 | 741.2355422973633 | 261155.8341613334
27.3 | 741.2355422973633 | 261155.8508378334
25.3 | 741.2355422973633 | 261155.8675143334
25.3 | 741.2355422973633 | 261155.8841908334
25.3 | 741.2355422973633 | 261155.9008673334
25.3 | 741.2355422973633 | 261155.91754383338
25.3 | 741.2355422973633 | 261155.93422033338
25.3 | 741.2355422973633 | 261155.95089683338
25.3 | 824.2199630737305 | 261155.9675733334
30.5 | 841.2824859619141 | 261155.9842498334
30.5 | 841.2824859619141 | 261156.0009263334
30.5 | 841.2824859619141 | 261156.0176028334
30.5 | 838.2824859619141 | 261156.0342793334
30.5 | 838.2824859619141 | 261156.0509558334
30.5 | 838.2824859619141 | 261156.0676323334
30.5 | 838.2824859619141 | 261156.08430883338
30.5 | 838.2824859619141 | 261156.10098533338
31.099999999999998 | 838.2824859619141 | 261156.11766183338
31.099999999999998 | 838.2824859619141 | 261156.1343383334
31.099999999999998 | 838.2824859619141 | 261156.1510148334
31.099999999999998 | 838.2824859619141 | 261156.1676913334
31.099999999999998 | 884.3606338500977 | 261156.1843678334
31.099999999999998 | 938.3294296264648 | 261156.2010443334
31.099999999999998 | 938.3294296264648 | 261156.2177208334
39.0 | 938.3294296264648 | 261156.23439733338
39.0 | 938.3294296264648 | 261156.25107383338
39.0 | 938.3294296264648 | 261156.26775033338
39.0 | 938.3294296264648 | 261156.2844268334
39.0 | 938.3294296264648 | 261156.3011033334
39.0 | 938.3294296264648 | 261156.3177798334
39.0 | 938.3294296264648 | 261156.3344563334
39.0 | 1014.720100402832 | 261156.3511328334
43.4 | 1038.3763732910156 | 261156.3678093334
43.4 | 1038.3763732910156 | 261156.3844858334
43.4 | 1038.3763732910156 | 261156.40116233338
43.4 | 1038.3763732910156 | 261156.41783883338
43.4 | 1038.3763732910156 | 261156.43451533339
43.4 | 1038.3763732910156 | 261156.4511918334
43.4 | 1038.3763732910156 | 261156.4678683334
43.7 | 1038.3763732910156 | 261156.4845448334
43.7 | 1038.3763732910156 | 261156.5012213334
43.7 | 1038.3763732910156 | 261156.5178978334
43.7 | 1104.2045440673828 | 261156.5345743334
43.7 | 1138.4233169555664 | 261156.55125083338
43.7 | 1138.4233169555664 | 261156.56792733338
43.7 | 1138.4233169555664 | 261156.58460383338
43.7 | 1138.4233169555664 | 261156.6012803334
45.5 | 1138.4233169555664 | 261156.6179568334
45.5 | 1138.4233169555664 | 261156.6346333334
45.5 | 1138.4233169555664 | 261156.6513098334
45.5 | 1138.4233169555664 | 261156.6679863334
45.5 | 1138.4233169555664 | 261156.6846628334
45.5 | 1138.4233169555664 | 261156.70133933338
45.5 | 1138.4233169555664 | 261156.71801583338
39.4 | 1138.4233169555664 | 261156.73469233338
39.4 | 1138.4233169555664 | 261156.7513688334
39.4 | 1138.4233169555664 | 261156.7680453334
39.4 | 1138.4233169555664 | 261156.7847218334
39.4 | 1138.4233169555664 | 261156.8013983334
39.4 | 1138.4233169555664 | 261156.8180748334
39.4 | 1186.5483627319336 | 261156.8347513334
39.4 | 1238.4702606201172 | 261156.8514278334
34.6 | 1238.4702606201172 | 261156.86810433338
34.6 | 1238.4702606201172 | 261156.88478083338
34.6 | 1238.4702606201172 | 261156.90145733338
34.6 | 1238.4702606201172 | 261156.9181338334
34.6 | 1238.4702606201172 | 261156.9348103334
34.6 | 1238.4702606201172 | 261156.9514868334
34.6 | 1286.4390563964844 | 261156.9681633334
48.699999999999996 | 1338.517204284668 | 261156.9848398334
48.699999999999996 | 1338.517204284668 | 261157.0015163334
48.699999999999996 | 1338.517204284668 | 261157.01819283338
48.699999999999996 | 1338.517204284668 | 261157.03486933338
48.699999999999996 | 1338.517204284668 | 261157.05154583338
48.699999999999996 | 1338.517204284668 | 261157.0682223334
48.699999999999996 | 1338.517204284668 | 261157.0848988334
48.699999999999996 | 1338.517204284668 | 261157.1015753334
53.5 | 1338.517204284668 | 261157.1182518334
53.5 | 1357.892204284668 | 261157.1349283334
53.5 | 1413.7516250610352 | 261157.1516048334
53.5 | 1435.4235229492188 | 261157.1682813334
53.5 | 1438.5641479492188 | 261157.18495783338
53.5 | 1438.5641479492188 | 261157.20163433338
53.5 | 1438.5797729492188 | 261157.21831083338
51.6 | 1438.5797729492188 | 261157.2349873334
51.6 | 1438.5797729492188 | 261157.2516638334
51.6 | 1438.5797729492188 | 261157.2683403334
51.6 | 1438.5797729492188 | 261157.2850168334
51.6 | 1438.5797729492188 | 261157.3016933334
51.6 | 1438.5797729492188 | 261157.3183698334
51.6 | 1438.5797729492188 | 261157.33504633338
51.6 | 1438.5797729492188 | 261157.35172283338
48.6 | 1466.1891708374023 | 261157.36839933338
48.6 | 1538.6267166137695 | 261157.3850758334
48.6 | 1538.6267166137695 | 261157.4017523334
48.6 | 1538.6267166137695 | 261157.4184288334
48.6 | 1538.6267166137695 | 261157.4351053334
48.6 | 1538.6267166137695 | 261157.4517818334
48.6 | 1538.6267166137695 | 261157.4684583334
43.6 | 1538.6267166137695 | 261157.4851348334
43.6 | 1538.6267166137695 | 261157.50181133338
43.6 | 1538.6267166137695 | 261157.51848783338
43.6 | 1538.6267166137695 | 261157.53516433339
43.6 | 1538.6267166137695 | 261157.5518408334
43.6 | 1538.6267166137695 | 261157.5685173334
43.6 | 1538.6267166137695 | 261157.5851938334
43.6 | 1538.6267166137695 | 261157.6018703334
35.6 | 1538.6267166137695 | 261157.6185468334
35.6 | 1538.6267166137695 | 261157.6352233334
35.6 | 1538.6267166137695 | 261157.65189983338
35.6 | 1538.6267166137695 | 261157.66857633338
35.6 | 1538.6267166137695 | 261157.68525283338
35.6 | 1590.3611373901367 | 261157.7019293334
35.6 | 1591.8142623901367 | 261157.7186058334
35.4 | 1599.2673873901367 | 261157.7352823334
35.4 | 1638.6580123901367 | 261157.7519588334
35.4 | 1638.6580123901367 | 261157.7686353334
35.4 | 1638.6580123901367 | 261157.7853118334
35.4 | 1638.6580123901367 | 261157.80198833338
35.4 | 1638.6580123901367 | 261157.81866483338
35.4 | 1638.6580123901367 | 261157.83534133338
35.4 | 1638.6580123901367 | 261157.8520178334
45.6 | 1638.6580123901367 | 261157.8686943334
45.6 | 1638.6580123901367 | 261157.8853708334
45.6 | 1679.829933166504 | 261157.9020473334
51.9 | 237.50082397460938 | 261158.04528787505
51.9 | 237.50082397460938 | 261158.0688123334
51.9 | 237.50082397460938 | 261158.0854888334
51.9 | 237.50082397460938 | 261158.1021653334