
--- NEW BENCHMARK RUN ---
0.6529630422592163
0.6698809862136841
0.7758380174636841
0.6423219442367554
0.6266670227050781
0.6303199529647827
0.7026029825210571
0.6525239944458008
0.6531450748443604
0.6493629217147827
0.6532590389251709
0.6914160251617432
0.6383630037307739
0.6433299779891968
0.6419230699539185
0.6435641050338745
0.6750589609146118
0.6669260263442993
0.7302720546722412
0.665681004524231

--- NEW BENCHMARK RUN ---
0.6143389940261841
0.6099539995193481
0.5797219276428223
0.6326240301132202
0.5919190645217896
0.640720009803772
0.6159529685974121
0.6805520057678223
0.6045349836349487
0.6760810613632202
0.6069990396499634
0.6168060302734375
0.6019710302352905
0.6197960376739502
0.6149580478668213
0.6127339601516724
0.6356090307235718
0.5996029376983643
0.6873739957809448
0.5962499380111694
