
--- NEW BENCHMARK RUN ---

CPU | Memory (MB) | Timestamp
---
3.9000000000000004 | 16.563095092773438 | 257224.44641625005
3.9000000000000004 | 20.594345092773438 | 257224.4631060834
3.9000000000000004 | 28.60999298095703 | 257224.47979591673
15.7 | 34.35999298095703 | 257224.49648575005
15.7 | 44.60999298095703 | 257224.5131755834
15.7 | 52.60999298095703 | 257224.52986541673
15.7 | 58.188140869140625 | 257224.54655525007
15.7 | 64.62564086914062 | 257224.56324508338
15.7 | 72.62564086914062 | 257224.57993491672
15.7 | 80.18814086914062 | 257224.59662475006
15.7 | 88.64128875732422 | 257224.6133145834
23.5 | 92.64128875732422 | 257224.63000441671
23.5 | 97.40691375732422 | 257224.64669425006
23.5 | 104.64128875732422 | 257224.6633840834
23.5 | 111.64128875732422 | 257224.68007391674
23.5 | 111.64128875732422 | 257224.69676375005
23.5 | 111.64128875732422 | 257224.7134535834
23.5 | 111.64128875732422 | 257224.73014341673
25.6 | 111.64128875732422 | 257224.74683325004
25.6 | 111.64128875732422 | 257224.76352308338
25.6 | 111.64128875732422 | 257224.78021291672
25.6 | 111.64128875732422 | 257224.79690275007
25.6 | 111.64128875732422 | 257224.81359258338
25.6 | 111.64128875732422 | 257224.83028241672
25.6 | 111.64128875732422 | 257224.84697225006
25.6 | 111.64128875732422 | 257224.8636620834
22.4 | 111.64128875732422 | 257224.8803519167
22.4 | 111.64128875732422 | 257224.89704175005
22.4 | 111.64128875732422 | 257224.9137315834
22.4 | 111.64128875732422 | 257224.93042141674
22.4 | 111.64128875732422 | 257224.94711125005
22.4 | 111.64128875732422 | 257224.9638010834
22.4 | 111.64128875732422 | 257224.98049091673
26.7 | 111.64128875732422 | 257224.99718075007
26.7 | 111.64128875732422 | 257225.01387058338
26.7 | 111.64128875732422 | 257225.03056041672
26.7 | 111.64128875732422 | 257225.04725025006
26.7 | 111.64128875732422 | 257225.0639400834
26.7 | 111.64128875732422 | 257225.08062991672
26.7 | 111.64128875732422 | 257225.09731975006
26.7 | 111.64128875732422 | 257225.1140095834
22.0 | 111.64128875732422 | 257225.1306994167
22.0 | 111.64128875732422 | 257225.14738925005
22.0 | 111.64128875732422 | 257225.1640790834
22.0 | 111.64128875732422 | 257225.18076891673
22.0 | 111.64128875732422 | 257225.19745875004
22.0 | 111.64128875732422 | 257225.21414858339
22.0 | 111.64128875732422 | 257225.23083841673
29.4 | 111.64128875732422 | 257225.24752825007
29.4 | 111.64128875732422 | 257225.26421808338
29.4 | 111.64128875732422 | 257225.28090791672
29.4 | 111.64128875732422 | 257225.29759775006
29.4 | 111.64128875732422 | 257225.3142875834
29.4 | 111.64128875732422 | 257225.3309774167
29.4 | 111.64128875732422 | 257225.34766725005
29.4 | 111.64128875732422 | 257225.3643570834
25.0 | 111.64128875732422 | 257225.38104691674
25.0 | 111.64128875732422 | 257225.39773675005
25.0 | 111.64128875732422 | 257225.4144265834
25.0 | 111.64128875732422 | 257225.43111641673
25.0 | 111.64128875732422 | 257225.44780625004
25.0 | 111.64128875732422 | 257225.46449608338
25.0 | 111.64128875732422 | 257225.48118591672
32.800000000000004 | 111.64128875732422 | 257225.49787575006
32.800000000000004 | 111.64128875732422 | 257225.51456558338
32.800000000000004 | 111.64128875732422 | 257225.53125541672
32.800000000000004 | 111.64128875732422 | 257225.54794525006
32.800000000000004 | 111.64128875732422 | 257225.5646350834
32.800000000000004 | 111.64128875732422 | 257225.5813249167
32.800000000000004 | 111.64128875732422 | 257225.59801475005
32.800000000000004 | 111.64128875732422 | 257225.6147045834
31.7 | 111.64128875732422 | 257225.63139441673
31.7 | 111.64128875732422 | 257225.64808425005
31.7 | 111.64128875732422 | 257225.6647740834
31.7 | 111.64128875732422 | 257225.68146391673
31.7 | 111.64128875732422 | 257225.69815375007
31.7 | 111.64128875732422 | 257225.71484358338
31.7 | 111.64128875732422 | 257225.73153341672
33.1 | 111.64128875732422 | 257225.74822325006
33.1 | 111.64128875732422 | 257225.7649130834
33.1 | 111.64128875732422 | 257225.78160291672
33.1 | 111.64128875732422 | 257225.79829275006
33.1 | 111.64128875732422 | 257225.8149825834
33.1 | 111.64128875732422 | 257225.8316724167
33.1 | 111.64128875732422 | 257225.84836225005
33.1 | 111.64128875732422 | 257225.8650520834
33.7 | 111.64128875732422 | 257225.88174191673
33.7 | 111.65691375732422 | 257225.89843175004
33.7 | 111.65691375732422 | 257225.91512158338
33.7 | 111.65691375732422 | 257225.93181141673
33.7 | 111.65691375732422 | 257225.94850125007
33.7 | 111.65691375732422 | 257225.96519108338
33.7 | 111.65691375732422 | 257225.98188091672
32.5 | 111.65691375732422 | 257225.99857075006
32.5 | 111.65691375732422 | 257226.0152605834
32.5 | 111.65691375732422 | 257226.0319504167
32.5 | 111.65691375732422 | 257226.04864025005
32.5 | 111.65691375732422 | 257226.0653300834
32.5 | 111.65691375732422 | 257226.08201991674
32.5 | 111.65691375732422 | 257226.09870975005
32.5 | 111.65691375732422 | 257226.1153995834
28.400000000000002 | 111.65691375732422 | 257226.13208941673
28.400000000000002 | 111.65691375732422 | 257226.14877925007
28.400000000000002 | 111.65691375732422 | 257226.16546908338
28.400000000000002 | 111.65691375732422 | 257226.18215891672
28.400000000000002 | 111.65691375732422 | 257226.19884875006
28.400000000000002 | 111.65691375732422 | 257226.21553858338
28.400000000000002 | 111.65691375732422 | 257226.23222841672
31.9 | 111.65691375732422 | 257226.24891825006
31.9 | 111.65691375732422 | 257226.2656080834
31.9 | 111.65691375732422 | 257226.2822979167
31.9 | 111.65691375732422 | 257226.29898775005
31.9 | 111.65691375732422 | 257226.3156775834
31.9 | 111.65691375732422 | 257226.33236741673
31.9 | 111.65691375732422 | 257226.34905725005
31.9 | 111.65691375732422 | 257226.3657470834
27.1 | 111.65691375732422 | 257226.38243691673
27.1 | 111.65691375732422 | 257226.39912675007
27.1 | 111.65691375732422 | 257226.41581658338
27.1 | 111.65691375732422 | 257226.43250641672
27.1 | 111.65691375732422 | 257226.44919625006
27.1 | 111.65691375732422 | 257226.4658860834
27.1 | 111.65691375732422 | 257226.4825759167
25.2 | 111.65691375732422 | 257226.49926575006
25.2 | 111.65691375732422 | 257226.5159555834
25.2 | 111.65691375732422 | 257226.53264541674
25.2 | 111.65691375732422 | 257226.54933525005
25.2 | 111.65691375732422 | 257226.5660250834
25.2 | 111.65691375732422 | 257226.58271491673
25.2 | 111.65691375732422 | 257226.59940475004
25.2 | 111.65691375732422 | 257226.61609458338
30.099999999999998 | 111.65691375732422 | 257226.63278441672
30.099999999999998 | 111.62566375732422 | 257226.64947425007
30.099999999999998 | 111.62566375732422 | 257226.66616408338
30.099999999999998 | 111.62566375732422 | 257226.68285391672
30.099999999999998 | 111.62566375732422 | 257226.69954375006
30.099999999999998 | 111.62566375732422 | 257226.7162335834
30.099999999999998 | 111.62566375732422 | 257226.7329234167
29.399999999999995 | 111.62566375732422 | 257226.74961325005
29.399999999999995 | 111.62566375732422 | 257226.7663030834
29.399999999999995 | 111.62566375732422 | 257226.78299291673
29.399999999999995 | 111.53191375732422 | 257226.79968275005
29.399999999999995 | 111.53191375732422 | 257226.8163725834
29.399999999999995 | 111.53191375732422 | 257226.83306241673
29.399999999999995 | 111.53191375732422 | 257226.84975225007
29.399999999999995 | 111.53191375732422 | 257226.86644208338
23.8 | 111.48503875732422 | 257226.88313191672
23.8 | 111.48503875732422 | 257226.89982175006
23.8 | 111.48503875732422 | 257226.9165115834
23.8 | 111.48503875732422 | 257226.93320141672
23.8 | 111.48503875732422 | 257226.94989125006
23.8 | 111.48503875732422 | 257226.9665810834
23.8 | 111.50066375732422 | 257226.9832709167
32.0 | 111.50066375732422 | 257226.99996075005
32.0 | 111.50066375732422 | 257227.0166505834
32.0 | 111.50066375732422 | 257227.03334041673
32.0 | 111.50066375732422 | 257227.05003025004
32.0 | 111.50066375732422 | 257227.06672008339
32.0 | 111.50066375732422 | 257227.08340991673
32.0 | 111.50066375732422 | 257227.10009975007
32.0 | 111.51628875732422 | 257227.11678958338
36.699999999999996 | 111.51628875732422 | 257227.13347941672
36.699999999999996 | 111.51628875732422 | 257227.15016925006
36.699999999999996 | 111.51628875732422 | 257227.1668590834
36.699999999999996 | 111.51628875732422 | 257227.1835489167
36.699999999999996 | 111.51628875732422 | 257227.20023875005
36.699999999999996 | 111.51628875732422 | 257227.2169285834
36.699999999999996 | 111.51628875732422 | 257227.23361841674
40.6 | 111.51628875732422 | 257227.25030825005
40.6 | 111.51628875732422 | 257227.2669980834
40.6 | 111.51628875732422 | 257227.28368791673
40.6 | 111.51628875732422 | 257227.30037775007
40.6 | 111.51628875732422 | 257227.31706758338
40.6 | 111.51628875732422 | 257227.33375741672
40.6 | 111.51628875732422 | 257227.35044725006
40.6 | 111.51628875732422 | 257227.36713708338
40.5 | 111.51628875732422 | 257227.38382691672
40.5 | 111.51628875732422 | 257227.40051675006
40.5 | 111.51628875732422 | 257227.4172065834
40.5 | 111.51628875732422 | 257227.4338964167
40.5 | 111.51628875732422 | 257227.45058625005
40.5 | 111.51628875732422 | 257227.4672760834
40.5 | 111.51628875732422 | 257227.48396591673
42.8 | 111.51628875732422 | 257227.50065575005
42.8 | 111.51628875732422 | 257227.5173455834
42.8 | 111.51628875732422 | 257227.53403541673
42.8 | 111.51628875732422 | 257227.55072525007
42.8 | 111.51628875732422 | 257227.56741508338
42.8 | 111.51628875732422 | 257227.58410491672
42.8 | 111.51628875732422 | 257227.60079475006
42.8 | 111.51628875732422 | 257227.6174845834
42.3 | 111.51628875732422 | 257227.63417441671
42.3 | 111.51628875732422 | 257227.65086425006
42.3 | 111.51628875732422 | 257227.6675540834
42.3 | 111.51628875732422 | 257227.68424391674
42.3 | 111.51628875732422 | 257227.70093375005
42.3 | 111.51628875732422 | 257227.7176235834
42.3 | 111.51628875732422 | 257227.73431341673
41.49999999999999 | 111.51628875732422 | 257227.75100325004
41.49999999999999 | 111.51628875732422 | 257227.76769308338
41.49999999999999 | 111.51628875732422 | 257227.78438291673
41.49999999999999 | 111.51628875732422 | 257227.80107275007
41.49999999999999 | 111.51628875732422 | 257227.81776258338
41.49999999999999 | 111.51628875732422 | 257227.83445241672
41.49999999999999 | 111.54753875732422 | 257227.85114225006
41.49999999999999 | 111.54753875732422 | 257227.8678320834
36.8 | 111.54753875732422 | 257227.8845219167
36.8 | 111.54753875732422 | 257227.90121175005
36.8 | 111.54753875732422 | 257227.9179015834
36.8 | 111.54753875732422 | 257227.93459141674
36.8 | 111.54753875732422 | 257227.95128125005
36.8 | 111.54753875732422 | 257227.9679710834
36.8 | 111.54753875732422 | 257227.98466091673
38.8 | 111.54753875732422 | 257228.00135075007
38.8 | 111.54753875732422 | 257228.01804058338
38.8 | 111.53191375732422 | 257228.03252287506
38.8 | 111.53191375732422 | 257228.04920025007
38.8 | 111.53191375732422 | 257228.06587762505
38.8 | 111.53191375732422 | 257228.08255500006
38.8 | 111.53191375732422 | 257228.09923237507
38.8 | 111.53191375732422 | 257228.11590975005
38.3 | 111.53191375732422 | 257228.13258712506
38.3 | 111.53191375732422 | 257228.14926450007
38.3 | 111.53191375732422 | 257228.16594187505
38.3 | 111.53191375732422 | 257228.18261925006
38.3 | 111.53191375732422 | 257228.19929662507
38.3 | 111.53191375732422 | 257228.21597400005
38.3 | 111.53191375732422 | 257228.23280741673
38.599999999999994 | 111.53191375732422 | 257228.2494959167
38.599999999999994 | 111.53191375732422 | 257228.26618441672
38.599999999999994 | 111.53191375732422 | 257228.28287291672
38.599999999999994 | 111.53191375732422 | 257228.29956141673
38.599999999999994 | 111.53191375732422 | 257228.31624991674
38.599999999999994 | 111.53191375732422 | 257228.33293841672
38.599999999999994 | 111.53191375732422 | 257228.34962691672
38.599999999999994 | 111.53191375732422 | 257228.36631541673
44.4 | 111.53191375732422 | 257228.38300391674
44.4 | 111.53191375732422 | 257228.39969241671
44.4 | 111.53191375732422 | 257228.41638091672
44.4 | 111.53191375732422 | 257228.43306941673
44.4 | 111.53191375732422 | 257228.44975791674
44.4 | 111.53191375732422 | 257228.4664464167
44.4 | 111.53191375732422 | 257228.48313491672
45.199999999999996 | 111.53191375732422 | 257228.49982341673
45.199999999999996 | 111.53191375732422 | 257228.51651191674
45.199999999999996 | 111.53191375732422 | 257228.5332004167
45.199999999999996 | 111.53191375732422 | 257228.54988891672
45.199999999999996 | 111.53191375732422 | 257228.56657741673
45.199999999999996 | 111.53191375732422 | 257228.58326591674
45.199999999999996 | 111.53191375732422 | 257228.5999544167
45.199999999999996 | 111.53191375732422 | 257228.61664291672
30.5 | 111.53191375732422 | 257228.63333141673
30.5 | 111.53191375732422 | 257228.65001991673
30.5 | 111.53191375732422 | 257228.6667084167
30.5 | 111.53191375732422 | 257228.68339691672
30.5 | 111.53191375732422 | 257228.70008541673
30.5 | 111.53191375732422 | 257228.71677391673
30.5 | 111.53191375732422 | 257228.7334624167
21.1 | 111.53191375732422 | 257228.75015091672
21.1 | 111.53191375732422 | 257228.76683941673
21.1 | 111.53191375732422 | 257228.78352791673
21.1 | 111.53191375732422 | 257228.8002164167
21.1 | 111.53191375732422 | 257228.81690491672
21.1 | 111.53191375732422 | 257228.83359341673
21.1 | 111.53191375732422 | 257228.85028191673
21.1 | 111.53191375732422 | 257228.8669704167
17.400000000000002 | 111.53191375732422 | 257228.88365891672
17.400000000000002 | 111.53191375732422 | 257228.90034741673
17.400000000000002 | 111.53191375732422 | 257228.91703591673
17.400000000000002 | 111.53191375732422 | 257228.9337244167
17.400000000000002 | 111.53191375732422 | 257228.95041291672
17.400000000000002 | 111.53191375732422 | 257228.96710141673
17.400000000000002 | 111.53191375732422 | 257228.98378991673
12.1 | 111.53191375732422 | 257229.0004784167
12.1 | 111.53191375732422 | 257229.01716691672
12.1 | 111.53191375732422 | 257229.03385541672
12.1 | 111.53191375732422 | 257229.05054391673
12.1 | 111.53191375732422 | 257229.0672324167
12.1 | 111.53191375732422 | 257229.08392091672
12.1 | 111.53191375732422 | 257229.10060941672
12.1 | 111.53191375732422 | 257229.11729791673
8.4 | 111.53191375732422 | 257229.1339864167
8.4 | 111.53191375732422 | 257229.15067491672
8.4 | 111.53191375732422 | 257229.16736341672
8.4 | 111.53191375732422 | 257229.18405191673
8.4 | 111.53191375732422 | 257229.2007404167
8.4 | 111.53191375732422 | 257229.21742891672
8.4 | 111.53191375732422 | 257229.23411741672
11.200000000000001 | 111.53191375732422 | 257229.25080591673
11.200000000000001 | 111.53191375732422 | 257229.26749441674
11.200000000000001 | 111.53191375732422 | 257229.28418291672
11.200000000000001 | 111.53191375732422 | 257229.30087141672
11.200000000000001 | 111.53191375732422 | 257229.31755991673
11.200000000000001 | 111.53191375732422 | 257229.33424841674
11.200000000000001 | 111.53191375732422 | 257229.35093691671
11.200000000000001 | 111.53191375732422 | 257229.36762541672
7.300000000000001 | 111.53191375732422 | 257229.38431391673
7.300000000000001 | 111.53191375732422 | 257229.40100241674
7.300000000000001 | 111.53191375732422 | 257229.4176909167
7.300000000000001 | 111.53191375732422 | 257229.43437941672
7.300000000000001 | 111.53191375732422 | 257229.45106791673
7.300000000000001 | 111.53191375732422 | 257229.46775641674
7.300000000000001 | 111.53191375732422 | 257229.4844449167
7.300000000000001 | 111.54753875732422 | 257229.50113341672
5.7 | 111.54753875732422 | 257229.51782191673
5.7 | 111.54753875732422 | 257229.53451041674
5.7 | 111.54753875732422 | 257229.5511989167
5.7 | 111.54753875732422 | 257229.56788741672
5.7 | 111.56316375732422 | 257229.58457591673
5.7 | 111.56316375732422 | 257229.60126441673
5.7 | 111.56316375732422 | 257229.6179529167
10.0 | 111.56316375732422 | 257229.63464141672
10.0 | 111.56316375732422 | 257229.65132991673
10.0 | 111.56316375732422 | 257229.66801841673
10.0 | 111.56316375732422 | 257229.6847069167
10.0 | 111.56316375732422 | 257229.70139541672
10.0 | 111.56316375732422 | 257229.71808391673
10.0 | 111.56316375732422 | 257229.73477241673
10.0 | 111.56316375732422 | 257229.7514609167
6.4 | 111.56316375732422 | 257229.76814941672
6.4 | 111.56316375732422 | 257229.78483791673
6.4 | 111.56316375732422 | 257229.80152641673
6.4 | 111.56316375732422 | 257229.8182149167
6.4 | 111.56316375732422 | 257229.83490341672
6.4 | 111.56316375732422 | 257229.85159191673
6.4 | 111.56316375732422 | 257229.86828041673
5.0 | 111.56316375732422 | 257229.8849689167
5.0 | 111.56316375732422 | 257229.90165741672
5.0 | 111.56316375732422 | 257229.91834591673
5.0 | 111.56316375732422 | 257229.93503441673
5.0 | 111.56316375732422 | 257229.9517229167
5.0 | 111.56316375732422 | 257229.96841141672
5.0 | 111.56316375732422 | 257229.98509991672
5.0 | 111.56316375732422 | 257230.00178841673
6.4 | 111.56316375732422 | 257230.01749225004
6.4 | 111.56316375732422 | 257230.03416975006
6.4 | 111.56316375732422 | 257230.05084725007
6.4 | 111.56316375732422 | 257230.06752475005
6.4 | 111.56316375732422 | 257230.08420225006
6.4 | 111.56316375732422 | 257230.10087975007
6.4 | 111.56316375732422 | 257230.11755725005
11.200000000000001 | 111.56316375732422 | 257230.13423475006
11.200000000000001 | 111.56316375732422 | 257230.15091225004
11.200000000000001 | 111.56316375732422 | 257230.16758975005
11.200000000000001 | 111.56316375732422 | 257230.18426725006
11.200000000000001 | 111.59441375732422 | 257230.20094475005
11.200000000000001 | 111.59441375732422 | 257230.21762225006
11.200000000000001 | 111.59441375732422 | 257230.23429975007
11.200000000000001 | 111.59441375732422 | 257230.25097725005
25.5 | 111.59441375732422 | 257230.26765475006
25.5 | 111.59441375732422 | 257230.28433225007
25.5 | 111.59441375732422 | 257230.30100975005
25.5 | 111.59441375732422 | 257230.31768725006
25.5 | 111.59441375732422 | 257230.33436475004
25.5 | 111.59441375732422 | 257230.35104225005
25.5 | 111.59441375732422 | 257230.36771975007
31.7 | 111.59441375732422 | 257230.38439725005
31.7 | 111.59441375732422 | 257230.40107475006
31.7 | 111.59441375732422 | 257230.41775225007
31.7 | 111.59441375732422 | 257230.43442975005
31.7 | 111.59441375732422 | 257230.45110725006
31.7 | 111.59441375732422 | 257230.46778475004
31.7 | 111.59441375732422 | 257230.48446225005
31.7 | 111.59441375732422 | 257230.50113975006
35.39999999999999 | 111.59441375732422 | 257230.51781725005
35.39999999999999 | 111.59441375732422 | 257230.53449475006
35.39999999999999 | 111.59441375732422 | 257230.55117225007
35.39999999999999 | 111.59441375732422 | 257230.56784975005
35.39999999999999 | 111.59441375732422 | 257230.58452725006
35.39999999999999 | 111.59441375732422 | 257230.60120475007
35.39999999999999 | 111.59441375732422 | 257230.61788225005
43.199999999999996 | 111.59441375732422 | 257230.63455975006
43.199999999999996 | 111.59441375732422 | 257230.65123725004
43.199999999999996 | 111.59441375732422 | 257230.66791475005
43.199999999999996 | 111.59441375732422 | 257230.68459225007
43.199999999999996 | 111.59441375732422 | 257230.70126975005
43.199999999999996 | 111.59441375732422 | 257230.71794725006
43.199999999999996 | 111.59441375732422 | 257230.73462475007
43.199999999999996 | 111.59441375732422 | 257230.75130225005
39.3 | 111.59441375732422 | 257230.76797975006
39.3 | 111.59441375732422 | 257230.78465725004
39.3 | 111.59441375732422 | 257230.80133475005
39.3 | 111.59441375732422 | 257230.81801225006
39.3 | 111.59441375732422 | 257230.83468975005
39.3 | 111.59441375732422 | 257230.85136725006
39.3 | 111.59441375732422 | 257230.86804475007
36.099999999999994 | 111.59441375732422 | 257230.88472225005
36.099999999999994 | 111.59441375732422 | 257230.90139975006
36.099999999999994 | 111.59441375732422 | 257230.91807725007
36.099999999999994 | 111.59441375732422 | 257230.93475475005
36.099999999999994 | 111.59441375732422 | 257230.95143225006
36.099999999999994 | 111.59441375732422 | 257230.96810975004
36.099999999999994 | 111.59441375732422 | 257230.98478725005
36.099999999999994 | 111.59441375732422 | 257231.00146475006
41.99999999999999 | 111.59441375732422 | 257231.01814225005
41.99999999999999 | 111.59441375732422 | 257231.03481975006
41.99999999999999 | 111.59441375732422 | 257231.05149725007
41.99999999999999 | 111.59441375732422 | 257231.06817475005
41.99999999999999 | 111.59441375732422 | 257231.08485225006
41.99999999999999 | 111.59441375732422 | 257231.10152975007
41.99999999999999 | 111.59441375732422 | 257231.11820725005
40.10000000000001 | 111.59441375732422 | 257231.13488475006
40.10000000000001 | 111.59441375732422 | 257231.15156225004
40.10000000000001 | 111.61003875732422 | 257231.16823975006
40.10000000000001 | 111.61003875732422 | 257231.18491725007
40.10000000000001 | 111.61003875732422 | 257231.20159475005
40.10000000000001 | 111.61003875732422 | 257231.21827225006
40.10000000000001 | 111.61003875732422 | 257231.23494975007
40.10000000000001 | 111.61003875732422 | 257231.25162725005
46.8 | 111.61003875732422 | 257231.26830475006
46.8 | 111.61003875732422 | 257231.28498225004
46.8 | 111.61003875732422 | 257231.30165975005
46.8 | 111.61003875732422 | 257231.31833725006
46.8 | 111.61003875732422 | 257231.33501475005
46.8 | 111.61003875732422 | 257231.35169225006
46.8 | 111.61003875732422 | 257231.36836975007
44.5 | 111.61003875732422 | 257231.38504725005
44.5 | 111.61003875732422 | 257231.40172475006
44.5 | 111.61003875732422 | 257231.41840225007
44.5 | 111.61003875732422 | 257231.43507975005
44.5 | 111.61003875732422 | 257231.45175725006
44.5 | 111.61003875732422 | 257231.46843475004
44.5 | 111.61003875732422 | 257231.48511225005
44.5 | 111.61003875732422 | 257231.50178975007
48.099999999999994 | 111.61003875732422 | 257231.51846725005
48.099999999999994 | 111.61003875732422 | 257231.53514475006
48.099999999999994 | 111.61003875732422 | 257231.55182225007
48.099999999999994 | 111.61003875732422 | 257231.56849975005
48.099999999999994 | 111.61003875732422 | 257231.58517725006
48.099999999999994 | 111.61003875732422 | 257231.60185475004
48.099999999999994 | 111.61003875732422 | 257231.61853225005
43.5 | 111.61003875732422 | 257231.63520975006
43.5 | 111.61003875732422 | 257231.65188725005
43.5 | 111.57878875732422 | 257231.66856475006
43.5 | 111.57878875732422 | 257231.68524225007
43.5 | 111.57878875732422 | 257231.70191975005

--- NEW BENCHMARK RUN ---

CPU | Memory (MB) | Timestamp
---
10.299999999999999 | 16.578720092773438 | 260582.1550440834
16.900000000000002 | 24.609970092773438 | 260582.17172862505
16.900000000000002 | 28.609970092773438 | 260582.18841316673
16.900000000000002 | 32.62561798095703 | 260582.20509770839
16.900000000000002 | 40.62561798095703 | 260582.22178225007
16.900000000000002 | 48.62561798095703 | 260582.23846679172
16.900000000000002 | 52.71936798095703 | 260582.2551513334
16.900000000000002 | 56.62561798095703 | 260582.27183587506
20.4 | 60.62561798095703 | 260582.2885204167
20.4 | 64.64126586914062 | 260582.3052049584
20.4 | 72.64126586914062 | 260582.32188950005
20.4 | 72.64126586914062 | 260582.33857404173
20.4 | 76.64126586914062 | 260582.35541816673
20.4 | 76.64126586914062 | 260582.37211250004
20.4 | 80.64126586914062 | 260582.3888068334
20.4 | 84.64126586914062 | 260582.40550116674
18.299999999999997 | 92.64126586914062 | 260582.42219550005
18.299999999999997 | 100.65691375732422 | 260582.4388898334
18.299999999999997 | 100.65691375732422 | 260582.45558416672
18.299999999999997 | 100.65691375732422 | 260582.47227850006
18.299999999999997 | 108.65691375732422 | 260582.48897283338
18.299999999999997 | 111.65691375732422 | 260582.50566716673
18.299999999999997 | 111.65691375732422 | 260582.52236150004
20.0 | 111.65691375732422 | 260582.5390558334
20.0 | 111.65691375732422 | 260582.55575016674
20.0 | 111.65691375732422 | 260582.57244450005
20.0 | 111.65691375732422 | 260582.5891388334
20.0 | 111.65691375732422 | 260582.60583316672
20.0 | 111.65691375732422 | 260582.62252750006
20.0 | 111.65691375732422 | 260582.63922183338
20.0 | 111.65691375732422 | 260582.65591616672
25.9 | 111.65691375732422 | 260582.67261050007
25.9 | 111.65691375732422 | 260582.6893048334
25.9 | 111.65691375732422 | 260582.70599916673
25.9 | 111.65691375732422 | 260582.72269350005
25.9 | 111.65691375732422 | 260582.7393878334
25.9 | 111.65691375732422 | 260582.7560821667
25.9 | 111.65691375732422 | 260582.77277650006
21.0 | 111.65691375732422 | 260582.78947083338
21.0 | 111.65691375732422 | 260582.80616516672
21.0 | 111.65691375732422 | 260582.82285950007
21.0 | 111.65691375732422 | 260582.8395538334
21.0 | 111.65691375732422 | 260582.85624816673
21.0 | 111.65691375732422 | 260582.87294250005
21.0 | 111.65691375732422 | 260582.8896368334
21.0 | 111.65691375732422 | 260582.9063311667
26.4 | 111.65691375732422 | 260582.92302550006
26.4 | 111.65691375732422 | 260582.9397198334
26.4 | 111.65691375732422 | 260582.95641416672
26.4 | 111.65691375732422 | 260582.97310850007
26.4 | 111.65691375732422 | 260582.98980283338
26.4 | 111.65691375732422 | 260583.00649716673
26.4 | 111.65691375732422 | 260583.02319150005
23.500000000000004 | 111.65691375732422 | 260583.0398858334
23.500000000000004 | 111.65691375732422 | 260583.0565801667
23.500000000000004 | 111.65691375732422 | 260583.07327450006
23.500000000000004 | 111.65691375732422 | 260583.0899688334
23.500000000000004 | 111.65691375732422 | 260583.10666316672
23.500000000000004 | 111.65691375732422 | 260583.12335750007
23.500000000000004 | 111.65691375732422 | 260583.14005183338
23.500000000000004 | 111.65691375732422 | 260583.15674616673
21.6 | 111.65691375732422 | 260583.17344050005
21.6 | 111.65691375732422 | 260583.1901348334
21.6 | 111.65691375732422 | 260583.20682916674
21.6 | 111.65691375732422 | 260583.22352350006
21.6 | 111.65691375732422 | 260583.2402178334
21.6 | 111.65691375732422 | 260583.25691216672
21.6 | 111.65691375732422 | 260583.27360650006
23.9 | 111.65691375732422 | 260583.29030083338
23.9 | 111.65691375732422 | 260583.30699516673
23.9 | 111.65691375732422 | 260583.32368950004
23.9 | 111.67253875732422 | 260583.3403838334
23.9 | 111.67253875732422 | 260583.35707816674
23.9 | 111.67253875732422 | 260583.37377250005
23.9 | 111.67253875732422 | 260583.3904668334
23.9 | 111.67253875732422 | 260583.40716116672
25.599999999999998 | 111.67253875732422 | 260583.42385550006
25.599999999999998 | 111.67253875732422 | 260583.44054983338
25.599999999999998 | 111.67253875732422 | 260583.45724416673
25.599999999999998 | 111.67253875732422 | 260583.47393850004
25.599999999999998 | 111.67253875732422 | 260583.4906328334
25.599999999999998 | 111.67253875732422 | 260583.50732716674
25.599999999999998 | 111.67253875732422 | 260583.52402150005
27.4 | 111.67253875732422 | 260583.5407158334
27.4 | 111.67253875732422 | 260583.55741016672
27.4 | 111.67253875732422 | 260583.57410450006
27.4 | 111.67253875732422 | 260583.59079883338
27.4 | 111.67253875732422 | 260583.60749316672
27.4 | 111.67253875732422 | 260583.62418750007
27.4 | 111.67253875732422 | 260583.6408818334
27.4 | 111.67253875732422 | 260583.65757616673
28.799999999999997 | 111.67253875732422 | 260583.67427050005
28.799999999999997 | 111.67253875732422 | 260583.6909648334
28.799999999999997 | 111.67253875732422 | 260583.7076591667
28.799999999999997 | 111.67253875732422 | 260583.72435350006
28.799999999999997 | 111.67253875732422 | 260583.74104783338
28.799999999999997 | 111.67253875732422 | 260583.75774216672
28.799999999999997 | 111.67253875732422 | 260583.77443650007
25.5 | 111.67253875732422 | 260583.7911308334
25.5 | 111.67253875732422 | 260583.80782516673
25.5 | 111.67253875732422 | 260583.82451950005
25.5 | 111.67253875732422 | 260583.8412138334
25.5 | 111.67253875732422 | 260583.8579081667
25.5 | 111.67253875732422 | 260583.87460250006
25.5 | 111.67253875732422 | 260583.8912968334
25.5 | 111.67253875732422 | 260583.90799116672
32.1 | 111.67253875732422 | 260583.92468550007
32.1 | 111.67253875732422 | 260583.94137983338
32.1 | 111.67253875732422 | 260583.95807416673
32.1 | 111.67253875732422 | 260583.97476850005
32.1 | 111.67253875732422 | 260583.9914628334
32.1 | 111.67253875732422 | 260584.0081571667
32.1 | 111.67253875732422 | 260584.02485150006
26.8 | 111.67253875732422 | 260584.0415458334
26.8 | 111.67253875732422 | 260584.05824016672
26.8 | 111.67253875732422 | 260584.07493450007
26.8 | 111.67253875732422 | 260584.09162883338
26.8 | 111.67253875732422 | 260584.10832316673
26.8 | 111.67253875732422 | 260584.12501750005
26.8 | 111.67253875732422 | 260584.1417118334
26.8 | 111.67253875732422 | 260584.15840616674
28.0 | 111.67253875732422 | 260584.17510050006
28.0 | 111.67253875732422 | 260584.1917948334
28.0 | 111.67253875732422 | 260584.20848916672
28.0 | 111.67253875732422 | 260584.22518350006
28.0 | 111.67253875732422 | 260584.24187783338
28.0 | 111.67253875732422 | 260584.25857216673
28.0 | 111.67253875732422 | 260584.27526650004
31.0 | 111.67253875732422 | 260584.2919608334
31.0 | 111.67253875732422 | 260584.30865516674
31.0 | 111.67253875732422 | 260584.32534950005
31.0 | 111.67253875732422 | 260584.3420438334
31.0 | 111.64128875732422 | 260584.35873816672
31.0 | 111.64128875732422 | 260584.37543250006
31.0 | 111.64128875732422 | 260584.39212683338
31.0 | 111.64128875732422 | 260584.40882116673
32.4 | 111.67253875732422 | 260584.42551550004
32.4 | 111.67253875732422 | 260584.4422098334
32.4 | 111.67253875732422 | 260584.45890416674
32.4 | 111.67253875732422 | 260584.47559850005
32.4 | 111.67253875732422 | 260584.4922928334
32.4 | 111.67253875732422 | 260584.50898716672
32.4 | 111.67253875732422 | 260584.52568150006
37.199999999999996 | 111.67253875732422 | 260584.54237583338
37.199999999999996 | 111.67253875732422 | 260584.55907016672
37.199999999999996 | 111.67253875732422 | 260584.57576450007
37.199999999999996 | 111.67253875732422 | 260584.5924588334
37.199999999999996 | 111.67253875732422 | 260584.60915316673
37.199999999999996 | 111.67253875732422 | 260584.62584750005
37.199999999999996 | 111.67253875732422 | 260584.6425418334
37.199999999999996 | 111.67253875732422 | 260584.6592361667
39.3 | 111.67253875732422 | 260584.67593050006
39.3 | 111.67253875732422 | 260584.69262483338
39.3 | 111.68816375732422 | 260584.70931916672
39.3 | 111.68816375732422 | 260584.72601350007
39.3 | 111.68816375732422 | 260584.7427078334
39.3 | 111.68816375732422 | 260584.75940216673
39.3 | 111.68816375732422 | 260584.77609650005
37.0 | 111.68816375732422 | 260584.7927908334
37.0 | 111.68816375732422 | 260584.8094851667
37.0 | 111.68816375732422 | 260584.82617950006
37.0 | 111.68816375732422 | 260584.8428738334
37.0 | 111.68816375732422 | 260584.85956816672
37.0 | 111.68816375732422 | 260584.87626250007
37.0 | 111.68816375732422 | 260584.89295683338
37.0 | 111.68816375732422 | 260584.90965116673
40.0 | 111.68816375732422 | 260584.92634550005
40.0 | 111.68816375732422 | 260584.9430398334
40.0 | 111.68816375732422 | 260584.9597341667
40.0 | 111.68816375732422 | 260584.97642850006
40.0 | 111.68816375732422 | 260584.9931228334
40.0 | 111.68816375732422 | 260585.00981716672
40.0 | 111.68816375732422 | 260585.02651150007
30.099999999999998 | 111.68816375732422 | 260585.04320583338
30.099999999999998 | 111.68816375732422 | 260585.05990016673
30.099999999999998 | 111.68816375732422 | 260585.07659450005
30.099999999999998 | 111.68816375732422 | 260585.0932888334
30.099999999999998 | 111.68816375732422 | 260585.1069944584
30.099999999999998 | 111.68816375732422 | 260585.12366866673
30.099999999999998 | 111.68816375732422 | 260585.14034287506
30.099999999999998 | 111.68816375732422 | 260585.1570170834
19.6 | 111.68816375732422 | 260585.1736912917
19.6 | 111.68816375732422 | 260585.19036550005
19.6 | 111.68816375732422 | 260585.2070397084
19.6 | 111.68816375732422 | 260585.22371391673
19.6 | 111.68816375732422 | 260585.24038812506
19.6 | 111.68816375732422 | 260585.2570623334
19.6 | 111.68816375732422 | 260585.2737365417
19.6 | 111.68816375732422 | 260585.29041075005
12.700000000000001 | 111.68816375732422 | 260585.3070849584
12.700000000000001 | 111.68816375732422 | 260585.32375916673
12.700000000000001 | 111.68816375732422 | 260585.34043337507
12.700000000000001 | 111.68816375732422 | 260585.3571075834
12.700000000000001 | 111.68816375732422 | 260585.3737817917
12.700000000000001 | 111.68816375732422 | 260585.39045600005
12.700000000000001 | 111.68816375732422 | 260585.4071302084
8.3 | 111.68816375732422 | 260585.42380441673
8.3 | 111.68816375732422 | 260585.44047862507
8.3 | 111.68816375732422 | 260585.45715283338
8.3 | 111.68816375732422 | 260585.47382704171
8.3 | 111.68816375732422 | 260585.49050125005
8.3 | 111.68816375732422 | 260585.5071754584
8.3 | 111.68816375732422 | 260585.52384966673
8.3 | 111.68816375732422 | 260585.54052387507
5.7 | 111.68816375732422 | 260585.55719808338
5.7 | 111.68816375732422 | 260585.57387229172
5.7 | 111.68816375732422 | 260585.59054650005
5.7 | 111.68816375732422 | 260585.6072207084
5.7 | 111.68816375732422 | 260585.62389491673
5.7 | 111.68816375732422 | 260585.64056912507
5.7 | 111.68816375732422 | 260585.65724333338
3.7 | 111.68816375732422 | 260585.67391754172
3.7 | 111.68816375732422 | 260585.69059175006
3.7 | 111.68816375732422 | 260585.7072659584
3.7 | 111.68816375732422 | 260585.72394016673
3.7 | 111.68816375732422 | 260585.74061437507
3.7 | 111.68816375732422 | 260585.75728858338
3.7 | 111.68816375732422 | 260585.77396279172
3.7 | 111.68816375732422 | 260585.79063700006
3.4000000000000004 | 111.68816375732422 | 260585.8073112084
3.4000000000000004 | 111.68816375732422 | 260585.82398541673
3.4000000000000004 | 111.59441375732422 | 260585.84065962507
3.4000000000000004 | 111.59441375732422 | 260585.85733383338
3.4000000000000004 | 111.59441375732422 | 260585.87400804172
3.4000000000000004 | 111.59441375732422 | 260585.89068225006
3.4000000000000004 | 111.59441375732422 | 260585.9073564584
2.7 | 111.57878875732422 | 260585.92403066673
2.7 | 111.57878875732422 | 260585.94070487504
2.7 | 111.57878875732422 | 260585.95737908338
2.7 | 111.57878875732422 | 260585.97405329172
2.7 | 111.57878875732422 | 260585.99072750006
2.7 | 111.57878875732422 | 260586.0074017084
2.7 | 111.57878875732422 | 260586.02407591674
2.7 | 111.57878875732422 | 260586.04075012504
2.6 | 111.57878875732422 | 260586.05742433338
2.6 | 111.57878875732422 | 260586.07409854172
2.6 | 111.57878875732422 | 260586.09077275006
2.6 | 111.57878875732422 | 260586.1074469584
2.6 | 111.57878875732422 | 260586.12412116674
2.6 | 111.57878875732422 | 260586.14079537505
2.6 | 111.57878875732422 | 260586.15746958338
2.1 | 111.57878875732422 | 260586.17414379172
2.1 | 111.57878875732422 | 260586.19081800006
2.1 | 111.57878875732422 | 260586.2074922084
2.1 | 111.57878875732422 | 260586.22416641674
2.1 | 111.57878875732422 | 260586.24084062505
2.1 | 111.57878875732422 | 260586.25751483339
2.1 | 111.57878875732422 | 260586.27418904172
2.1 | 111.57878875732422 | 260586.29086325006
1.7000000000000002 | 111.57878875732422 | 260586.3075374584
1.7000000000000002 | 111.57878875732422 | 260586.3242116667
1.7000000000000002 | 111.59441375732422 | 260586.34088587505
1.7000000000000002 | 111.59441375732422 | 260586.3575600834
1.7000000000000002 | 111.59441375732422 | 260586.37423429172
1.7000000000000002 | 111.59441375732422 | 260586.39090850006
1.7000000000000002 | 111.59441375732422 | 260586.4075827084
1.7000000000000002 | 111.59441375732422 | 260586.4242569167
1.9 | 111.59441375732422 | 260586.44093112505
1.9 | 111.59441375732422 | 260586.4576053334
1.9 | 111.59441375732422 | 260586.47427954173
1.9 | 111.59441375732422 | 260586.49095375006
1.9 | 111.59441375732422 | 260586.5076279584
1.9 | 111.59441375732422 | 260586.5243021667
1.9 | 111.59441375732422 | 260586.54097637505
1.7000000000000002 | 111.59441375732422 | 260586.5576505834
1.7000000000000002 | 111.59441375732422 | 260586.57432479173
1.7000000000000002 | 111.59441375732422 | 260586.59099900007
1.7000000000000002 | 111.59441375732422 | 260586.6076732084
1.7000000000000002 | 111.59441375732422 | 260586.6243474167
1.7000000000000002 | 111.59441375732422 | 260586.64102162505
1.7000000000000002 | 111.59441375732422 | 260586.6576958334
1.7000000000000002 | 111.59441375732422 | 260586.67437004173
1.7000000000000002 | 111.59441375732422 | 260586.69104425007
1.7000000000000002 | 111.61003875732422 | 260586.7077184584
1.7000000000000002 | 111.61003875732422 | 260586.7243926667
1.7000000000000002 | 111.61003875732422 | 260586.74106687505
1.7000000000000002 | 111.61003875732422 | 260586.7577410834
1.7000000000000002 | 111.61003875732422 | 260586.77441529173
1.7000000000000002 | 111.61003875732422 | 260586.79108950007
2.0 | 111.61003875732422 | 260586.80776370838
2.0 | 111.61003875732422 | 260586.82443791672
2.0 | 111.61003875732422 | 260586.84111212505
2.0 | 111.61003875732422 | 260586.8577863334
2.0 | 111.61003875732422 | 260586.87446054173
2.0 | 111.61003875732422 | 260586.89113475007
2.0 | 111.61003875732422 | 260586.90780895838
2.0 | 111.61003875732422 | 260586.92448316672
1.8000000000000003 | 111.61003875732422 | 260586.94115737505
1.8000000000000003 | 111.61003875732422 | 260586.9578315834
1.8000000000000003 | 111.61003875732422 | 260586.97450579173
1.8000000000000003 | 111.61003875732422 | 260586.99118000007
1.8000000000000003 | 111.61003875732422 | 260587.00785420838
1.8000000000000003 | 111.61003875732422 | 260587.02452841672
1.8000000000000003 | 111.61003875732422 | 260587.04120262506
2.0 | 111.61003875732422 | 260587.0578768334
2.0 | 111.61003875732422 | 260587.07455104173
2.0 | 111.61003875732422 | 260587.09122525007
2.0 | 111.61003875732422 | 260587.10789945838
2.0 | 111.61003875732422 | 260587.12457366672
2.0 | 111.61003875732422 | 260587.14124787506
2.0 | 111.61003875732422 | 260587.1579220834
2.0 | 111.61003875732422 | 260587.17459629173
1.8000000000000003 | 111.61003875732422 | 260587.19127050004
1.8000000000000003 | 111.61003875732422 | 260587.20794470838
1.8000000000000003 | 111.61003875732422 | 260587.22461891672
1.8000000000000003 | 111.61003875732422 | 260587.24129312506
1.8000000000000003 | 111.61003875732422 | 260587.2579673334
1.8000000000000003 | 111.61003875732422 | 260587.27464154174
1.8000000000000003 | 111.61003875732422 | 260587.29131575004
1.8000000000000003 | 111.61003875732422 | 260587.30798995838
16.2 | 111.61003875732422 | 260587.32466416672
16.2 | 111.61003875732422 | 260587.34133837506
16.2 | 111.61003875732422 | 260587.3580125834
16.2 | 111.61003875732422 | 260587.37468679174
16.2 | 111.61003875732422 | 260587.39136100005
16.2 | 111.62566375732422 | 260587.40803520838
16.2 | 111.62566375732422 | 260587.42470941672
23.9 | 111.62566375732422 | 260587.44138362506
23.9 | 111.62566375732422 | 260587.4580578334
23.9 | 111.62566375732422 | 260587.47473204174
23.9 | 111.62566375732422 | 260587.49140625005
23.9 | 111.62566375732422 | 260587.50808045838
23.9 | 111.62566375732422 | 260587.52475466672
23.9 | 111.62566375732422 | 260587.54142887506
23.9 | 111.62566375732422 | 260587.5581030834
28.1 | 111.62566375732422 | 260587.5747772917
28.1 | 111.62566375732422 | 260587.59145150005
28.1 | 111.62566375732422 | 260587.6081257084
28.1 | 111.62566375732422 | 260587.62479991672
28.1 | 111.62566375732422 | 260587.64147412506
28.1 | 111.62566375732422 | 260587.6581483334
28.1 | 111.62566375732422 | 260587.6748225417
37.8 | 111.62566375732422 | 260587.69149675005
37.8 | 111.62566375732422 | 260587.7081709584
37.8 | 111.62566375732422 | 260587.72484516673
37.8 | 111.62566375732422 | 260587.74151937506
37.8 | 111.62566375732422 | 260587.7581935834
37.8 | 111.62566375732422 | 260587.7748677917
37.8 | 111.62566375732422 | 260587.79154200005
37.8 | 111.62566375732422 | 260587.8082162084
36.4 | 111.62566375732422 | 260587.82489041673
36.4 | 111.62566375732422 | 260587.84156462507
36.4 | 111.62566375732422 | 260587.8582388334
36.4 | 111.62566375732422 | 260587.8749130417
36.4 | 111.62566375732422 | 260587.89158725005
36.4 | 111.62566375732422 | 260587.9082614584
36.4 | 111.62566375732422 | 260587.92493566673
41.49999999999999 | 111.62566375732422 | 260587.94160987507
41.49999999999999 | 111.62566375732422 | 260587.9582840834
41.49999999999999 | 111.62566375732422 | 260587.9749582917
41.49999999999999 | 111.62566375732422 | 260587.99163250005
41.49999999999999 | 111.62566375732422 | 260588.0083067084
41.49999999999999 | 111.62566375732422 | 260588.02498091673
41.49999999999999 | 111.62566375732422 | 260588.04165512507
41.49999999999999 | 111.62566375732422 | 260588.05832933338
40.4 | 111.62566375732422 | 260588.07500354171
40.4 | 111.62566375732422 | 260588.09167775005
40.4 | 111.62566375732422 | 260588.1083519584
40.4 | 111.62566375732422 | 260588.12502616673
40.4 | 111.62566375732422 | 260588.14170037507
40.4 | 111.62566375732422 | 260588.15837458338
40.4 | 111.62566375732422 | 260588.17504879172
40.5 | 111.62566375732422 | 260588.19172300005
40.5 | 111.62566375732422 | 260588.2083972084
40.5 | 111.62566375732422 | 260588.22507141673
40.5 | 111.62566375732422 | 260588.24174562507
40.5 | 111.62566375732422 | 260588.25841983338
40.5 | 111.62566375732422 | 260588.27509404172
40.5 | 111.62566375732422 | 260588.29176825006
40.5 | 111.62566375732422 | 260588.3084424584
39.9 | 111.62566375732422 | 260588.32511666673
39.9 | 111.62566375732422 | 260588.34179087507
39.9 | 111.62566375732422 | 260588.35846508338
39.9 | 111.64128875732422 | 260588.37513929172
39.9 | 111.64128875732422 | 260588.39181350006
39.9 | 111.64128875732422 | 260588.4084877084
39.9 | 111.64128875732422 | 260588.42516191673
42.99999999999999 | 111.64128875732422 | 260588.44183612504
42.99999999999999 | 111.64128875732422 | 260588.45851033338
42.99999999999999 | 111.64128875732422 | 260588.47518454172
42.99999999999999 | 111.64128875732422 | 260588.49185875006
42.99999999999999 | 111.64128875732422 | 260588.5085329584
42.99999999999999 | 111.64128875732422 | 260588.52520716673
42.99999999999999 | 111.64128875732422 | 260588.54188137504
42.99999999999999 | 111.64128875732422 | 260588.55855558338
40.3 | 111.64128875732422 | 260588.57522979172
40.3 | 111.64128875732422 | 260588.59190400006
40.3 | 111.64128875732422 | 260588.6085782084
40.3 | 111.64128875732422 | 260588.62525241674
40.3 | 111.64128875732422 | 260588.64192662505
40.3 | 111.64128875732422 | 260588.65860083338
40.3 | 111.64128875732422 | 260588.67527504172
43.699999999999996 | 111.64128875732422 | 260588.69194925006
43.699999999999996 | 111.64128875732422 | 260588.7086234584
43.699999999999996 | 111.64128875732422 | 260588.72529766674
43.699999999999996 | 111.64128875732422 | 260588.74197187505
43.699999999999996 | 111.64128875732422 | 260588.75864608338
43.699999999999996 | 111.64128875732422 | 260588.77532029172
43.699999999999996 | 111.64128875732422 | 260588.79199450006
43.699999999999996 | 111.64128875732422 | 260588.8086687084
43.3 | 111.64128875732422 | 260588.82534291674
43.3 | 111.64128875732422 | 260588.84201712505
43.3 | 111.64128875732422 | 260588.8586913334
43.3 | 111.64128875732422 | 260588.87536554172
43.3 | 111.64128875732422 | 260588.89203975006
43.3 | 111.64128875732422 | 260588.9087139584
43.3 | 111.64128875732422 | 260588.9253881667
55.1 | 111.64128875732422 | 260588.94206237505
55.1 | 111.64128875732422 | 260588.9587365834
55.1 | 111.64128875732422 | 260588.97541079173
55.1 | 111.64128875732422 | 260588.99208500006
55.1 | 111.64128875732422 | 260589.0087592084
55.1 | 111.64128875732422 | 260589.0254334167
55.1 | 111.64128875732422 | 260589.04210762505
55.1 | 111.64128875732422 | 260589.0587818334
51.9 | 111.64128875732422 | 260589.07545604173
51.9 | 111.64128875732422 | 260589.09213025006
51.9 | 111.64128875732422 | 260589.1088044584
51.9 | 111.64128875732422 | 260589.1254786667
51.9 | 111.64128875732422 | 260589.14215287505
51.9 | 111.64128875732422 | 260589.1588270834
51.9 | 111.64128875732422 | 260589.17550129173
56.599999999999994 | 111.64128875732422 | 260589.19217550007
56.599999999999994 | 111.64128875732422 | 260589.2088497084
56.599999999999994 | 111.65691375732422 | 260589.2255239167
56.599999999999994 | 111.65691375732422 | 260589.24219812505
56.599999999999994 | 111.65691375732422 | 260589.2588723334
56.599999999999994 | 111.65691375732422 | 260589.27554654173
56.599999999999994 | 111.65691375732422 | 260589.29222075007
56.599999999999994 | 111.65691375732422 | 260589.30889495838
49.099999999999994 | 111.65691375732422 | 260589.32556916671
49.099999999999994 | 111.65691375732422 | 260589.34224337505
49.099999999999994 | 111.65691375732422 | 260589.3589175834
49.099999999999994 | 111.65691375732422 | 260589.37559179173
49.099999999999994 | 111.65691375732422 | 260589.39226600007
49.099999999999994 | 111.65691375732422 | 260589.40894020838
49.099999999999994 | 111.65691375732422 | 260589.42561441672
50.199999999999996 | 111.65691375732422 | 260589.44228862505
50.199999999999996 | 111.65691375732422 | 260589.4589628334
50.199999999999996 | 111.65691375732422 | 260589.47563704173
50.199999999999996 | 111.65691375732422 | 260589.49231125007
50.199999999999996 | 111.65691375732422 | 260589.50898545838
50.199999999999996 | 111.65691375732422 | 260589.52565966672
50.199999999999996 | 111.65691375732422 | 260589.54233387506
50.199999999999996 | 111.65691375732422 | 260589.5590080834
51.6 | 111.65691375732422 | 260589.57568229173
51.6 | 111.65691375732422 | 260589.59235650007
51.6 | 111.65691375732422 | 260589.60903070838
51.6 | 111.65691375732422 | 260589.62570491672
51.6 | 111.65691375732422 | 260589.64237912506
51.6 | 111.65691375732422 | 260589.6590533334
51.6 | 111.65691375732422 | 260589.67572754173
53.7 | 111.65691375732422 | 260589.69240175007
53.7 | 111.65691375732422 | 260589.70907595838
53.7 | 111.65691375732422 | 260589.72575016672
53.7 | 111.65691375732422 | 260589.74242437506
53.7 | 111.65691375732422 | 260589.7590985834
53.7 | 111.67253875732422 | 260589.77577279173
53.7 | 111.67253875732422 | 260589.79244700004
53.7 | 111.67253875732422 | 260589.80912120838
52.2 | 111.67253875732422 | 260589.82579541672
52.2 | 111.67253875732422 | 260589.84246962506
52.2 | 111.67253875732422 | 260589.8591438334
52.2 | 111.67253875732422 | 260589.87581804174
52.2 | 111.67253875732422 | 260589.89249225004
52.2 | 111.67253875732422 | 260589.90916645838
52.2 | 111.67253875732422 | 260589.92584066672
46.3 | 111.67253875732422 | 260589.94251487506
46.3 | 111.67253875732422 | 260589.9591890834
46.3 | 111.67253875732422 | 260589.97586329174
46.3 | 111.67253875732422 | 260589.99253750005
46.3 | 111.68816375732422 | 260590.00921170838
46.3 | 111.68816375732422 | 260590.02588591672
46.3 | 111.68816375732422 | 260590.04256012506
46.3 | 111.68816375732422 | 260590.0592343334
51.099999999999994 | 111.68816375732422 | 260590.07590854174
51.099999999999994 | 111.68816375732422 | 260590.09258275005
51.099999999999994 | 111.68816375732422 | 260590.10925695839
51.099999999999994 | 111.68816375732422 | 260590.12593116672
51.099999999999994 | 111.68816375732422 | 260590.14260537506
51.099999999999994 | 111.68816375732422 | 260590.1592795834
51.099999999999994 | 111.68816375732422 | 260590.1759537917
47.599999999999994 | 111.68816375732422 | 260590.19262800005
47.599999999999994 | 111.68816375732422 | 260590.2093022084
--- NEW BENCHMARK RUN ---
