
--- NEW BENCHMARK RUN ---

CPU | Memory (MB) | Timestamp
---
35.199999999999996 | 25.42249298095703 | 257211.37262800007
35.199999999999996 | 43.938140869140625 | 257211.38931362506
35.199999999999996 | 60.844390869140625 | 257211.40599925007
35.199999999999996 | 77.95378875732422 | 257211.42268487505
35.199999999999996 | 94.45378875732422 | 257211.43937050007
33.4 | 11.656845092773438 | 257211.45605612505
33.4 | 27.42249298095703 | 257211.47274175007
33.4 | 46.360015869140625 | 257211.48942737505
33.4 | 64.45378875732422 | 257211.50611300007
33.4 | 81.65691375732422 | 257211.52279862505
33.4 | 96.96943664550781 | 257211.53948425007
33.4 | 11.656845092773438 | 257211.55616987505
36.599999999999994 | 26.20374298095703 | 257211.57285550007
36.599999999999994 | 44.344390869140625 | 257211.58954112505
36.599999999999994 | 62.297515869140625 | 257211.60622675007
36.599999999999994 | 79.95378875732422 | 257211.62291237505
36.599999999999994 | 96.96943664550781 | 257211.63959800007
36.599999999999994 | 11.656845092773438 | 257211.65628362505
36.599999999999994 | 28.42249298095703 | 257211.67296925007
36.599999999999994 | 44.938140869140625 | 257211.68965487505
36.099999999999994 | 61.938140869140625 | 257211.70634050007
36.099999999999994 | 79.45378875732422 | 257211.72302612505
36.099999999999994 | 94.95378875732422 | 257211.73971175007
36.099999999999994 | 11.656845092773438 | 257211.75639737505
36.099999999999994 | 29.89124298095703 | 257211.77308300007
36.099999999999994 | 47.438140869140625 | 257211.78976862505
36.099999999999994 | 65.95378875732422 | 257211.80645425007
38.5 | 83.73503875732422 | 257211.82313987505
38.5 | 100.46943664550781 | 257211.83982550006
38.5 | 14.750617980957031 | 257211.85651112505
38.5 | 32.844390869140625 | 257211.87319675006
38.5 | 51.000640869140625 | 257211.88988237505
38.5 | 69.36003875732422 | 257211.90656800006
38.5 | 88.11003875732422 | 257211.92325362505
38.5 | 105.70381164550781 | 257211.93993925006
40.300000000000004 | 21.23499298095703 | 257211.95662487505
40.300000000000004 | 39.344390869140625 | 257211.97331050006
40.300000000000004 | 57.344390869140625 | 257211.98999612505
40.300000000000004 | 75.36003875732422 | 257212.00668175006
40.300000000000004 | 93.36003875732422 | 257212.02336737505
40.300000000000004 | 110.87568664550781 | 257212.04005300006
40.300000000000004 | 26.31311798095703 | 257212.05673862505
39.5 | 43.922515869140625 | 257212.07342425006
39.5 | 61.844390869140625 | 257212.09010987505
39.5 | 80.36003875732422 | 257212.10679550006
39.5 | 98.87568664550781 | 257212.12348112505
39.5 | 13.828742980957031 | 257212.14016675006
39.5 | 30.32874298095703 | 257212.15685237505
39.5 | 46.344390869140625 | 257212.17353800006
39.5 | 62.344390869140625 | 257212.19022362505
38.6 | 78.86003875732422 | 257212.20690925006
38.6 | 95.87568664550781 | 257212.22359487505
38.6 | 11.563095092773438 | 257212.24028050006
38.6 | 26.82874298095703 | 257212.25696612505
38.6 | 44.344390869140625 | 257212.27365175006
38.6 | 61.125640869140625 | 257212.29033737505
38.6 | 78.86003875732422 | 257212.30702300006
38.3 | 96.87568664550781 | 257212.32370862504
38.3 | 11.563095092773438 | 257212.34039425006
38.3 | 25.96936798095703 | 257212.35707987504
38.3 | 40.203765869140625 | 257212.37376550006
38.3 | 57.266265869140625 | 257212.39045112504
38.3 | 73.76628875732422 | 257212.40713675006
38.3 | 89.86003875732422 | 257212.42382237504
38.3 | 106.37568664550781 | 257212.44050800006
39.4 | 20.34436798095703 | 257212.45719362504
39.4 | 38.344390869140625 | 257212.47387925006
39.4 | 55.844390869140625 | 257212.49056487504
39.4 | 73.54753875732422 | 257212.50725050006
39.4 | 91.37566375732422 | 257212.52393612504
39.4 | 110.25068664550781 | 257212.54062175006
39.4 | 23.82874298095703 | 257212.55730737504
40.1 | 41.344390869140625 | 257212.57399300006
40.1 | 58.844390869140625 | 257212.59067862507
40.1 | 76.86003875732422 | 257212.60736425006
40.1 | 94.40691375732422 | 257212.62404987507
40.1 | 11.531845092773438 | 257212.64073550006
40.1 | 27.79749298095703 | 257212.65742112507
40.1 | 45.813140869140625 | 257212.67410675006
40.1 | 63.313140869140625 | 257212.69079237507
40.2 | 80.82878875732422 | 257212.70747800005
40.2 | 98.34443664550781 | 257212.72416362507
40.2 | 12.797492980957031 | 257212.74084925005
40.2 | 30.79749298095703 | 257212.75753487507
40.2 | 48.313140869140625 | 257212.77422050005
40.2 | 66.54753875732422 | 257212.79090612507
40.2 | 83.62566375732422 | 257212.80759175005
39.699999999999996 | 101.84443664550781 | 257212.82427737507
39.699999999999996 | 17.29749298095703 | 257212.84096300005
39.699999999999996 | 35.813140869140625 | 257212.85764862507
39.699999999999996 | 54.297515869140625 | 257212.87433425005
39.699999999999996 | 71.90691375732422 | 257212.89101987507
39.699999999999996 | 90.32878875732422 | 257212.90770550005
39.699999999999996 | 108.84443664550781 | 257212.92439112507
39.699999999999996 | 23.79749298095703 | 257212.94107675005
42.199999999999996 | 42.125640869140625 | 257212.95776237507
42.199999999999996 | 60.313140869140625 | 257212.97444800005
42.199999999999996 | 78.11003875732422 | 257212.99113362507
42.199999999999996 | 95.82881164550781 | 257213.00781925005
42.199999999999996 | 11.531845092773438 | 257213.02450487507
42.199999999999996 | 28.53186798095703 | 257213.04119050005
42.199999999999996 | 44.344390869140625 | 257213.05787612507
42.099999999999994 | 62.313140869140625 | 257213.07456175005
42.099999999999994 | 79.82878875732422 | 257213.09124737506
42.099999999999994 | 97.04756164550781 | 257213.10793300005
42.099999999999994 | 11.531845092773438 | 257213.12461862506
42.099999999999994 | 29.29749298095703 | 257213.14130425005
42.099999999999994 | 47.313140869140625 | 257213.15798987506
42.099999999999994 | 65.82878875732422 | 257213.17467550005
42.099999999999994 | 84.32878875732422 | 257213.19136112506
41.699999999999996 | 101.84443664550781 | 257213.20804675005
41.699999999999996 | 16.29749298095703 | 257213.22473237506
41.699999999999996 | 33.813140869140625 | 257213.24141800005
41.699999999999996 | 50.625640869140625 | 257213.25810362506
41.699999999999996 | 67.32878875732422 | 257213.27416012506
41.699999999999996 | 85.07878875732422 | 257213.29084125007
41.699999999999996 | 102.76631164550781 | 257213.30752237505
--- NEW BENCHMARK RUN ---

CPU | Memory (MB) | Timestamp
---
41.8 | 16.938140869140625 | 260602.5835054584
41.8 | 33.95378875732422 | 260602.6001857084
41.8 | 51.70378875732422 | 260602.61686595838
41.8 | 67.96943664550781 | 260602.63354620838
41.8 | 82.96943664550781 | 260602.65022645838
41.9 | 99.9850845336914 | 260602.6669067084
41.9 | 14.719390869140625 | 260602.6835869584
41.9 | 32.07878875732422 | 260602.7002672084
41.9 | 49.45378875732422 | 260602.7169474584
41.9 | 67.21943664550781 | 260602.7336277084
41.9 | 84.15693664550781 | 260602.7503079584
41.9 | 101.5163345336914 | 260602.7669882084
43.4 | 15.438140869140625 | 260602.7836684584
43.4 | 32.32878875732422 | 260602.80034870838
43.4 | 48.59441375732422 | 260602.81702895838
43.4 | 65.46943664550781 | 260602.83370920838
43.4 | 82.46943664550781 | 260602.85038945838
43.4 | 100.5632095336914 | 260602.8670697084
43.4 | 14.438140869140625 | 260602.8837499584
43.4 | 32.65691375732422 | 260602.9004302084
43.6 | 50.95378875732422 | 260602.9171104584
43.6 | 68.46943664550781 | 260602.9337907084
43.6 | 85.46943664550781 | 260602.9504709584
43.6 | 103.4850845336914 | 260602.9671512084
43.6 | 18.235015869140625 | 260602.9838314584
43.6 | 36.45378875732422 | 260603.00051170838
43.6 | 53.95378875732422 | 260603.01719195838
43.4 | 69.96943664550781 | 260603.03387220838
43.4 | 87.46943664550781 | 260603.0505524584
43.4 | 105.0944595336914 | 260603.0672327084
43.4 | 19.125640869140625 | 260603.0839129584
43.4 | 36.45378875732422 | 260603.1005932084
43.4 | 54.95378875732422 | 260603.1172734584
43.4 | 72.46943664550781 | 260603.1339537084
43.4 | 90.96943664550781 | 260603.1506339584
42.699999999999996 | 108.0475845336914 | 260603.1673142084
42.699999999999996 | 23.500640869140625 | 260603.18399445838
42.699999999999996 | 42.39128875732422 | 260603.20067470838
42.699999999999996 | 58.95378875732422 | 260603.21735495838
42.699999999999996 | 74.78193664550781 | 260603.23403520838
42.699999999999996 | 89.96943664550781 | 260603.2507154584
42.699999999999996 | 106.7507095336914 | 260603.2673957084
42.599999999999994 | 21.938140869140625 | 260603.2840759584
42.599999999999994 | 40.45378875732422 | 260603.3007562084
42.599999999999994 | 58.95378875732422 | 260603.3174364584
42.599999999999994 | 77.00068664550781 | 260603.3341167084
42.599999999999994 | 95.4850845336914 | 260603.3507969584
42.599999999999994 | 11.672492980957031 | 260603.3674772084
42.599999999999994 | 29.67253875732422 | 260603.38415745838
42.599999999999994 | 47.45378875732422 | 260603.40083770838
43.9 | 65.96943664550781 | 260603.41751795838
43.9 | 84.46943664550781 | 260603.4341982084
43.9 | 102.9850845336914 | 260603.4508784584
43.9 | 18.375640869140625 | 260603.4675587084
43.9 | 35.95378875732422 | 260603.4842389584
43.9 | 54.45378875732422 | 260603.5009192084
43.9 | 72.90693664550781 | 260603.5175994584
44.8 | 91.20381164550781 | 260603.5342797084
44.8 | 108.4850845336914 | 260603.5509599584
44.8 | 22.438140869140625 | 260603.56764020838
44.8 | 39.45378875732422 | 260603.58432045838
44.8 | 56.95378875732422 | 260603.60100070838
44.8 | 73.96943664550781 | 260603.61768095838
44.8 | 91.46943664550781 | 260603.6343612084
44.8 | 109.9850845336914 | 260603.6510414584
45.1 | 24.938140869140625 | 260603.6677217084
45.1 | 43.56316375732422 | 260603.6844019584
45.1 | 62.46943664550781 | 260603.7010822084
45.1 | 80.46943664550781 | 260603.7177624584
45.1 | 98.4850845336914 | 260603.7344427084
45.1 | 13.438140869140625 | 260603.75112295838
45.1 | 31.95378875732422 | 260603.76780320838
44.8 | 50.45378875732422 | 260603.78448345838
44.8 | 68.96943664550781 | 260603.80116370838
44.8 | 85.96943664550781 | 260603.8178439584
44.8 | 104.07881164550781 | 260603.8345242084
44.8 | 19.39124298095703 | 260603.8512044584
44.8 | 37.906890869140625 | 260603.8678847084
44.8 | 56.406890869140625 | 260603.8845649584
44.8 | 73.92253875732422 | 260603.9012452084
44.6 | 92.43818664550781 | 260603.9179254584
44.6 | 110.93818664550781 | 260603.9346057084
44.6 | 26.39124298095703 | 260603.95128595838
44.6 | 44.891265869140625 | 260603.96796620838
44.6 | 62.92253875732422 | 260603.98464645838
44.6 | 80.42253875732422 | 260604.00132670839
44.6 | 98.89131164550781 | 260604.0180069584
44.6 | 14.391242980957031 | 260604.0346872084
44.6 | 32.906890869140625 | 260604.0513674584
44.6 | 51.406890869140625 | 260604.0680477084
44.6 | 69.92253875732422 | 260604.0847279584
44.6 | 88.67253875732422 | 260604.1014082084
44.6 | 107.12568664550781 | 260604.1180884584
44.6 | 22.76624298095703 | 260604.13476870838
44.6 | 40.406890869140625 | 260604.15144895838
43.199999999999996 | 58.125640869140625 | 260604.16812920838
43.199999999999996 | 76.51628875732422 | 260604.18480945838
43.199999999999996 | 95.07881164550781 | 260604.2014897084
43.199999999999996 | 11.625595092773438 | 260604.2181699584
43.199999999999996 | 29.016265869140625 | 260604.2348502084
43.199999999999996 | 47.344390869140625 | 260604.2515304584
43.199999999999996 | 65.42253875732422 | 260604.2682107084
42.5 | 83.92253875732422 | 260604.2848909584
42.5 | 101.93818664550781 | 260604.3015712084
42.5 | 17.35999298095703 | 260604.3182514584
42.5 | 35.906890869140625 | 260604.33493170838
42.5 | 54.016265869140625 | 260604.35161195838
42.5 | 72.51628875732422 | 260604.36829220838
42.5 | 89.06316375732422 | 260604.38497245839
42.5 | 104.53193664550781 | 260604.4016527084
42.599999999999994 | 17.89124298095703 | 260604.4183329584
42.599999999999994 | 36.781890869140625 | 260604.4350132084
42.599999999999994 | 55.313140869140625 | 260604.4516934584
42.599999999999994 | 73.82878875732422 | 260604.4683737084
42.599999999999994 | 92.34443664550781 | 260604.4850539584
42.599999999999994 | 111.34443664550781 | 260604.5017342084