
--- NEW BENCHMARK RUN ---
0.09841585159301758
0.09720897674560547
0.09452295303344727
0.09518980979919434
0.09923601150512695
0.09840106964111328
0.0955049991607666
0.10204792022705078
0.09492611885070801
0.09394693374633789
0.09474611282348633
0.0983879566192627
0.10681295394897461
0.09623503684997559
0.10562396049499512
0.09963798522949219
0.0954747200012207
0.10265803337097168
0.09364604949951172
0.09686708450317383

--- NEW BENCHMARK RUN ---
0.09785890579223633
0.1042940616607666
0.10717391967773438
0.10425591468811035
0.09543895721435547
0.09776115417480469
0.0972900390625
0.09406304359436035
0.09910011291503906
0.1000528335571289
0.09801888465881348
0.09599494934082031
0.09468793869018555
0.09489798545837402
0.0946800708770752
0.0943291187286377
0.0947718620300293
0.09506893157958984
0.09820985794067383
0.09529399871826172
