
--- NEW BENCHMARK RUN ---
0.10882687568664551
0.14506793022155762
0.1384260654449463
0.17505311965942383
0.12404990196228027
0.16771697998046875
0.18266725540161133
0.13900113105773926
0.1344609260559082
0.1615610122680664
0.18312382698059082
0.11631894111633301
0.1334850788116455
0.15366196632385254
0.16474294662475586
0.14608001708984375
0.1424417495727539
0.1759648323059082
0.16014695167541504
0.1531538963317871

--- NEW BENCHMARK RUN ---
0.25348401069641113
1.4479069709777832
1.0740327835083008
1.253849983215332
2.919865131378174
2.7179341316223145
3.1419529914855957
3.0047969818115234
2.623224973678589
1.9918711185455322
2.8003439903259277
3.7722580432891846
2.8912839889526367
1.4078631401062012
1.2381796836853027
1.5347099304199219
1.3952417373657227
1.1906630992889404
1.5292279720306396
1.3028569221496582
