
--- NEW BENCHMARK RUN ---

CPU | Memory (MB) | Timestamp
---
40.6 | 14.500640869140625 | 257250.67964354172
40.6 | 14.500640869140625 | 257250.69631154172
40.6 | 14.500640869140625 | 257250.7129795417
25.6 | 14.500640869140625 | 257250.7296475417
25.6 | 14.500640869140625 | 257250.74631554174
25.6 | 14.500640869140625 | 257250.76298354173
25.6 | 14.500640869140625 | 257250.77965154173
25.6 | 14.500640869140625 | 257250.79631954173
25.6 | 14.500640869140625 | 257250.81298754172
25.6 | 14.500640869140625 | 257250.82965554172
16.099999999999998 | 14.500640869140625 | 257250.84632354171
16.099999999999998 | 14.500640869140625 | 257250.8629915417
16.099999999999998 | 14.500640869140625 | 257250.87965954174
16.099999999999998 | 14.500640869140625 | 257250.89632754173
16.099999999999998 | 14.500640869140625 | 257250.91299554173
16.099999999999998 | 14.500640869140625 | 257250.92966354173
16.099999999999998 | 14.500640869140625 | 257250.94633154172
16.099999999999998 | 14.500640869140625 | 257250.96299954172
10.399999999999999 | 14.500640869140625 | 257250.97966754172
10.399999999999999 | 14.500640869140625 | 257250.9963355417
10.399999999999999 | 14.500640869140625 | 257251.0130035417
10.399999999999999 | 14.500640869140625 | 257251.02967154174
10.399999999999999 | 14.500640869140625 | 257251.04633954173
10.399999999999999 | 14.641265869140625 | 257251.06300754173
10.399999999999999 | 14.844390869140625 | 257251.07967554173
22.1 | 15.078765869140625 | 257251.09634354172
22.1 | 15.360015869140625 | 257251.11301154172
22.1 | 15.719390869140625 | 257251.12967954171
22.1 | 16.156890869140625 | 257251.1463475417
22.1 | 18.610015869140625 | 257251.16301554174
22.1 | 19.516265869140625 | 257251.17968354173
22.1 | 17.110015869140625 | 257251.19635154173
22.1 | 17.110015869140625 | 257251.21301954173
40.699999999999996 | 17.110015869140625 | 257251.22968754172
40.699999999999996 | 17.110015869140625 | 257251.24635554172
40.699999999999996 | 17.110015869140625 | 257251.26302354172
40.699999999999996 | 14.500640869140625 | 257251.2796915417
40.699999999999996 | 14.500640869140625 | 257251.2963595417
40.699999999999996 | 14.500640869140625 | 257251.31302754174
40.699999999999996 | 14.500640869140625 | 257251.32969554173
25.6 | 14.500640869140625 | 257251.34636354173
25.6 | 14.500640869140625 | 257251.36303154172
25.6 | 14.500640869140625 | 257251.37969954172
25.6 | 14.500640869140625 | 257251.39636754172
25.6 | 14.500640869140625 | 257251.41303554171
25.6 | 14.500640869140625 | 257251.4297035417
25.6 | 14.500640869140625 | 257251.44637154174
25.6 | 14.500640869140625 | 257251.46303954173
16.200000000000003 | 14.500640869140625 | 257251.47970754173
16.200000000000003 | 14.500640869140625 | 257251.49637554173
16.200000000000003 | 14.500640869140625 | 257251.51304354172
16.200000000000003 | 14.500640869140625 | 257251.52971154172
16.200000000000003 | 14.500640869140625 | 257251.54637954172
16.200000000000003 | 14.500640869140625 | 257251.5630475417
16.200000000000003 | 14.500640869140625 | 257251.5797155417
10.5 | 14.500640869140625 | 257251.59638354174
10.5 | 14.500640869140625 | 257251.61305154173
10.5 | 14.500640869140625 | 257251.62971954173
10.5 | 14.500640869140625 | 257251.64638754172
10.5 | 14.500640869140625 | 257251.66305554172
10.5 | 14.500640869140625 | 257251.67972354172
10.5 | 14.547515869140625 | 257251.6963915417
10.5 | 14.688140869140625 | 257251.7130595417
14.9 | 14.906890869140625 | 257251.72972754174
14.9 | 15.141265869140625 | 257251.74639554173
14.9 | 15.453765869140625 | 257251.76306354173
14.9 | 15.844390869140625 | 257251.77973154173
14.9 | 17.969390869140625 | 257251.79639954172
14.9 | 18.875640869140625 | 257251.81306754172
14.9 | 19.781890869140625 | 257251.82973554172
43.7 | 17.172515869140625 | 257251.8464035417
43.7 | 17.172515869140625 | 257251.8630715417
43.7 | 17.172515869140625 | 257251.87973954174
43.7 | 17.172515869140625 | 257251.89640754173
43.7 | 14.500640869140625 | 257251.91307554173
43.7 | 14.500640869140625 | 257251.92974354172
43.7 | 14.500640869140625 | 257251.94641154172
43.7 | 14.500640869140625 | 257251.96307954172
27.6 | 14.500640869140625 | 257251.9797475417
27.6 | 14.500640869140625 | 257251.9964155417
27.6 | 14.500640869140625 | 257252.01308354174
27.6 | 14.500640869140625 | 257252.02975154173
27.6 | 14.500640869140625 | 257252.04641954173
27.6 | 14.500640869140625 | 257252.06308754173
27.6 | 14.500640869140625 | 257252.07975554172
17.400000000000002 | 14.500640869140625 | 257252.09642354172
17.400000000000002 | 14.500640869140625 | 257252.11309154172
17.400000000000002 | 14.500640869140625 | 257252.1297595417
17.400000000000002 | 14.500640869140625 | 257252.1464275417
17.400000000000002 | 14.500640869140625 | 257252.16309554173
17.400000000000002 | 14.500640869140625 | 257252.17976354173
17.400000000000002 | 14.500640869140625 | 257252.19643154173
17.400000000000002 | 14.500640869140625 | 257252.21309954172
11.2 | 14.500640869140625 | 257252.22976754172
11.2 | 14.500640869140625 | 257252.24643554172
11.2 | 14.516265869140625 | 257252.2631035417
11.2 | 14.578765869140625 | 257252.2797715417
11.2 | 14.750640869140625 | 257252.29643954174
11.2 | 14.953765869140625 | 257252.31310754173
11.2 | 15.219390869140625 | 257252.32977554173
30.300000000000004 | 15.547515869140625 | 257252.34644354173
30.300000000000004 | 15.938140869140625 | 257252.36311154172
30.300000000000004 | 18.172515869140625 | 257252.37977954172
30.300000000000004 | 19.063140869140625 | 257252.39644754172
30.300000000000004 | 17.141265869140625 | 257252.4131155417
30.300000000000004 | 17.141265869140625 | 257252.4297835417
30.300000000000004 | 17.141265869140625 | 257252.44645154173
30.300000000000004 | 17.141265869140625 | 257252.46311954173
38.9 | 17.141265869140625 | 257252.47978754173
38.9 | 17.141265869140625 | 257252.49645554172
38.9 | 14.500640869140625 | 257252.51312354172
38.9 | 14.500640869140625 | 257252.52979154172
38.9 | 14.500640869140625 | 257252.5464595417
38.9 | 14.500640869140625 | 257252.5631275417
38.9 | 14.500640869140625 | 257252.57979554174
38.9 | 14.500640869140625 | 257252.59646354173
24.699999999999996 | 14.500640869140625 | 257252.61313154173
24.699999999999996 | 14.500640869140625 | 257252.62979954173
24.699999999999996 | 14.500640869140625 | 257252.64646754172
24.699999999999996 | 14.500640869140625 | 257252.66313554172
24.699999999999996 | 14.500640869140625 | 257252.67980354172
24.699999999999996 | 14.500640869140625 | 257252.6964715417
24.699999999999996 | 14.500640869140625 | 257252.7131395417
15.600000000000001 | 14.500640869140625 | 257252.72980754173
15.600000000000001 | 14.500640869140625 | 257252.74647554173
15.600000000000001 | 14.500640869140625 | 257252.76314354173
15.600000000000001 | 14.500640869140625 | 257252.77981154172
15.600000000000001 | 14.500640869140625 | 257252.79647954172
15.600000000000001 | 14.500640869140625 | 257252.81314754172
15.600000000000001 | 14.500640869140625 | 257252.8298155417
15.600000000000001 | 14.500640869140625 | 257252.8464835417
10.1 | 14.500640869140625 | 257252.86315154174
10.1 | 14.500640869140625 | 257252.87981954173
10.1 | 14.500640869140625 | 257252.89648754173
10.1 | 14.500640869140625 | 257252.91315554173
10.1 | 14.500640869140625 | 257252.92982354172
10.1 | 14.500640869140625 | 257252.94649154172
10.1 | 14.641265869140625 | 257252.96315954172
15.300000000000002 | 14.828765869140625 | 257252.9798275417
15.300000000000002 | 15.047515869140625 | 257252.9964955417
15.300000000000002 | 15.313140869140625 | 257253.01316354173
15.300000000000002 | 15.672515869140625 | 257253.02983154173
15.300000000000002 | 16.094390869140625 | 257253.04649954173
15.300000000000002 | 18.469390869140625 | 257253.06316754172
15.300000000000002 | 19.406890869140625 | 257253.07983554172
15.300000000000002 | 17.172515869140625 | 257253.09650354172
43.49999999999999 | 17.172515869140625 | 257253.1131715417
43.49999999999999 | 17.172515869140625 | 257253.1298395417
43.49999999999999 | 17.172515869140625 | 257253.14650754174
43.49999999999999 | 17.172515869140625 | 257253.16317554173
43.49999999999999 | 17.172515869140625 | 257253.17984354173
43.49999999999999 | 14.516265869140625 | 257253.19651154173
43.49999999999999 | 14.516265869140625 | 257253.21317954172
27.400000000000002 | 14.516265869140625 | 257253.22984754172
27.400000000000002 | 14.516265869140625 | 257253.24651554172
27.400000000000002 | 14.516265869140625 | 257253.2631835417
27.400000000000002 | 14.516265869140625 | 257253.2798515417
27.400000000000002 | 14.516265869140625 | 257253.29651954173
27.400000000000002 | 14.516265869140625 | 257253.31318754173
27.400000000000002 | 14.516265869140625 | 257253.32985554173
27.400000000000002 | 14.516265869140625 | 257253.34652354172
17.299999999999997 | 14.516265869140625 | 257253.36319154172
17.299999999999997 | 14.516265869140625 | 257253.37985954172
17.299999999999997 | 14.516265869140625 | 257253.3965275417
17.299999999999997 | 14.516265869140625 | 257253.4131955417
17.299999999999997 | 14.516265869140625 | 257253.42986354174
17.299999999999997 | 14.516265869140625 | 257253.44653154173
17.299999999999997 | 14.516265869140625 | 257253.46319954173
10.9 | 14.516265869140625 | 257253.47986754173
10.9 | 14.516265869140625 | 257253.49653554172
10.9 | 14.516265869140625 | 257253.51320354172
10.9 | 14.516265869140625 | 257253.52987154172
10.9 | 14.563140869140625 | 257253.5465395417
10.9 | 14.641265869140625 | 257253.5632075417
10.9 | 14.828765869140625 | 257253.57987554173
10.9 | 15.063140869140625 | 257253.59654354173
25.3 | 15.360015869140625 | 257253.61321154173
25.3 | 15.735015869140625 | 257253.62987954172
25.3 | 16.188140869140625 | 257253.64654754172
25.3 | 18.656890869140625 | 257253.66321554172
25.3 | 19.563140869140625 | 257253.6798835417
25.3 | 17.156890869140625 | 257253.6965515417
25.3 | 17.156890869140625 | 257253.71321954174
40.5 | 17.156890869140625 | 257253.72988754173
40.5 | 17.156890869140625 | 257253.74655554173
40.5 | 17.156890869140625 | 257253.76322354173
40.5 | 14.516265869140625 | 257253.77989154172
40.5 | 14.516265869140625 | 257253.79655954172
40.5 | 14.516265869140625 | 257253.81322754172
40.5 | 14.516265869140625 | 257253.8298955417
40.5 | 14.516265869140625 | 257253.8465635417
25.599999999999998 | 14.516265869140625 | 257253.86323154173
25.599999999999998 | 14.516265869140625 | 257253.87989954173
25.599999999999998 | 14.516265869140625 | 257253.89656754173
25.599999999999998 | 14.516265869140625 | 257253.91323554172
25.599999999999998 | 14.516265869140625 | 257253.92990354172
25.599999999999998 | 14.516265869140625 | 257253.94657154172
25.599999999999998 | 14.516265869140625 | 257253.9632395417
16.1 | 14.516265869140625 | 257253.9799075417
16.1 | 14.516265869140625 | 257253.99657554174
16.1 | 14.516265869140625 | 257254.01324354173
16.1 | 14.516265869140625 | 257254.02991154173
16.1 | 14.516265869140625 | 257254.04657954173
16.1 | 14.516265869140625 | 257254.06324754172
16.1 | 14.516265869140625 | 257254.07991554172
16.1 | 14.516265869140625 | 257254.09658354172
10.4 | 14.516265869140625 | 257254.1132515417
10.4 | 14.516265869140625 | 257254.1299195417
10.4 | 14.516265869140625 | 257254.14658754173
10.4 | 14.531890869140625 | 257254.16325554173
10.4 | 14.531890869140625 | 257254.17992354173
10.4 | 14.578765869140625 | 257254.19659154172
10.4 | 14.750640869140625 | 257254.21325954172
19.4 | 14.969390869140625 | 257254.22992754172
19.4 | 15.219390869140625 | 257254.2465955417
19.4 | 15.547515869140625 | 257254.2632635417
19.4 | 15.953765869140625 | 257254.27993154174
19.4 | 18.188140869140625 | 257254.29659954173
19.4 | 19.110015869140625 | 257254.31326754173
19.4 | 17.172515869140625 | 257254.32993554173
19.4 | 17.172515869140625 | 257254.34660354172
42.1 | 17.172515869140625 | 257254.36327154172
42.1 | 17.172515869140625 | 257254.37993954172
42.1 | 17.172515869140625 | 257254.3966075417
42.1 | 14.531890869140625 | 257254.4132755417
42.1 | 14.531890869140625 | 257254.42994354173
42.1 | 14.531890869140625 | 257254.44661154173
42.1 | 14.531890869140625 | 257254.46327954173
26.7 | 14.531890869140625 | 257254.47994754172
26.7 | 14.531890869140625 | 257254.49661554172
26.7 | 14.531890869140625 | 257254.51328354172
26.7 | 14.531890869140625 | 257254.5299515417
26.7 | 14.531890869140625 | 257254.5466195417
26.7 | 14.531890869140625 | 257254.56328754174
26.7 | 14.531890869140625 | 257254.57995554173
26.7 | 14.531890869140625 | 257254.59662354173
16.7 | 14.531890869140625 | 257254.61329154173
16.7 | 14.531890869140625 | 257254.62995954172
16.7 | 14.531890869140625 | 257254.64662754172
16.7 | 14.531890869140625 | 257254.66329554172
16.7 | 14.531890869140625 | 257254.6799635417
16.7 | 14.531890869140625 | 257254.69663154174
16.7 | 14.531890869140625 | 257254.71329954173
10.7 | 14.531890869140625 | 257254.72996754173
10.7 | 14.531890869140625 | 257254.74663554173
10.7 | 14.531890869140625 | 257254.76330354172
10.7 | 14.531890869140625 | 257254.77997154172
10.7 | 14.531890869140625 | 257254.79663954172
10.7 | 14.531890869140625 | 257254.8133075417
10.7 | 14.531890869140625 | 257254.8299755417
10.7 | 14.578765869140625 | 257254.84664354174
11.2 | 14.719390869140625 | 257254.86331154173
11.2 | 14.938140869140625 | 257254.87997954173
11.2 | 15.172515869140625 | 257254.89664754173
11.2 | 15.500640869140625 | 257254.91331554172
11.2 | 15.891265869140625 | 257254.92998354172
11.2 | 18.031890869140625 | 257254.94665154172
11.2 | 18.938140869140625 | 257254.9633195417
44.49999999999999 | 19.813140869140625 | 257254.97998754174
44.49999999999999 | 17.156890869140625 | 257254.99665554173
44.49999999999999 | 17.156890869140625 | 257255.01332354173
44.49999999999999 | 17.156890869140625 | 257255.02999154173
44.49999999999999 | 17.156890869140625 | 257255.04665954172
44.49999999999999 | 17.156890869140625 | 257255.06332754172
44.49999999999999 | 14.531890869140625 | 257255.07999554172
44.49999999999999 | 14.531890869140625 | 257255.0966635417
28.4 | 14.531890869140625 | 257255.1133315417
28.4 | 14.531890869140625 | 257255.12999954174
28.4 | 14.531890869140625 | 257255.14666754173
28.4 | 14.531890869140625 | 257255.16333554173
28.4 | 14.531890869140625 | 257255.18000354173
28.4 | 14.531890869140625 | 257255.19667154172
28.4 | 14.531890869140625 | 257255.21333954172
17.900000000000002 | 14.531890869140625 | 257255.23000754172
17.900000000000002 | 14.531890869140625 | 257255.2466755417
17.900000000000002 | 14.531890869140625 | 257255.26334354174
17.900000000000002 | 14.531890869140625 | 257255.28001154173
17.900000000000002 | 14.531890869140625 | 257255.29667954173
17.900000000000002 | 14.531890869140625 | 257255.31334754173
17.900000000000002 | 14.531890869140625 | 257255.33001554172
17.900000000000002 | 14.531890869140625 | 257255.34668354172
11.5 | 14.531890869140625 | 257255.36335154172
11.5 | 14.531890869140625 | 257255.3800195417
11.5 | 14.531890869140625 | 257255.3966875417
11.5 | 14.531890869140625 | 257255.41335554174
11.5 | 14.531890869140625 | 257255.43002354173
11.5 | 14.531890869140625 | 257255.44669154173
11.5 | 14.578765869140625 | 257255.46335954173
11.5 | 14.656890869140625 | 257255.48002754172
16.8 | 14.860015869140625 | 257255.49669554172
16.8 | 15.110015869140625 | 257255.51336354172
16.8 | 15.406890869140625 | 257255.5300315417
16.8 | 15.781890869140625 | 257255.54669954174
16.8 | 16.235015869140625 | 257255.56336754173
16.8 | 18.719390869140625 | 257255.58003554173
16.8 | 19.641265869140625 | 257255.59670354173
44.3 | 17.203765869140625 | 257255.61337154172
44.3 | 17.203765869140625 | 257255.63003954172
44.3 | 17.203765869140625 | 257255.64670754172
44.3 | 17.203765869140625 | 257255.6633755417
44.3 | 14.531890869140625 | 257255.6800435417
44.3 | 14.531890869140625 | 257255.69671154174
44.3 | 14.531890869140625 | 257255.71337954173
44.3 | 14.531890869140625 | 257255.73004754173
28.0 | 14.531890869140625 | 257255.74671554173
28.0 | 14.531890869140625 | 257255.76338354172
28.0 | 14.531890869140625 | 257255.78005154172
28.0 | 14.531890869140625 | 257255.79671954171
28.0 | 14.531890869140625 | 257255.8133875417
28.0 | 14.531890869140625 | 257255.83005554174
28.0 | 14.531890869140625 | 257255.84672354173
17.7 | 14.531890869140625 | 257255.86339154173
17.7 | 14.531890869140625 | 257255.88005954173
17.7 | 14.531890869140625 | 257255.89672754172
17.7 | 14.531890869140625 | 257255.91339554172
17.7 | 14.531890869140625 | 257255.93006354172
17.7 | 14.531890869140625 | 257255.9467315417
17.7 | 14.531890869140625 | 257255.9633995417
17.7 | 14.531890869140625 | 257255.98006754174
11.499999999999998 | 14.531890869140625 | 257255.99673554173
11.499999999999998 | 14.531890869140625 | 257256.01340354173
11.499999999999998 | 14.531890869140625 | 257256.03007154173
11.499999999999998 | 14.531890869140625 | 257256.04673954172
11.499999999999998 | 14.594390869140625 | 257256.06340754172
11.499999999999998 | 14.688140869140625 | 257256.08007554171
11.499999999999998 | 14.906890869140625 | 257256.0967435417
24.0 | 15.141265869140625 | 257256.11341154174
24.0 | 15.422515869140625 | 257256.13007954173
24.0 | 15.797515869140625 | 257256.14674754173
24.0 | 16.235015869140625 | 257256.16341554173
24.0 | 18.766265869140625 | 257256.18008354172
24.0 | 19.672515869140625 | 257256.19675154172
24.0 | 17.188140869140625 | 257256.21341954172
24.0 | 17.188140869140625 | 257256.2300875417
41.8 | 17.188140869140625 | 257256.2467555417
41.8 | 17.188140869140625 | 257256.26342354174
41.8 | 14.531890869140625 | 257256.28009154173
41.8 | 14.531890869140625 | 257256.29675954173
41.8 | 14.531890869140625 | 257256.31342754173
41.8 | 14.531890869140625 | 257256.33009554172
41.8 | 14.531890869140625 | 257256.34676354172
26.400000000000002 | 14.531890869140625 | 257256.36343154171
26.400000000000002 | 14.531890869140625 | 257256.3800995417
26.400000000000002 | 14.531890869140625 | 257256.39676754174
26.400000000000002 | 14.531890869140625 | 257256.41343554173
26.400000000000002 | 14.531890869140625 | 257256.43010354173
26.400000000000002 | 14.531890869140625 | 257256.44677154173
26.400000000000002 | 14.531890869140625 | 257256.46343954172
26.400000000000002 | 14.531890869140625 | 257256.48010754172
16.6 | 14.531890869140625 | 257256.49677554172
16.6 | 14.531890869140625 | 257256.5134435417
16.6 | 14.531890869140625 | 257256.5301115417
16.6 | 14.531890869140625 | 257256.54677954174
16.6 | 14.531890869140625 | 257256.56344754173
16.6 | 14.531890869140625 | 257256.58011554173
16.6 | 14.531890869140625 | 257256.59678354173
10.7 | 14.531890869140625 | 257256.61345154172
10.7 | 14.531890869140625 | 257256.63011954172
10.7 | 14.531890869140625 | 257256.64678754171
10.7 | 14.578765869140625 | 257256.6634555417
10.7 | 14.688140869140625 | 257256.68012354174
10.7 | 14.891265869140625 | 257256.69679154173
10.7 | 15.125640869140625 | 257256.71345954173
10.7 | 15.406890869140625 | 257256.73012754173
31.700000000000003 | 15.781890869140625 | 257256.74679554172
31.700000000000003 | 16.219390869140625 | 257256.76346354172
31.700000000000003 | 18.719390869140625 | 257256.78013154172
31.700000000000003 | 19.641265869140625 | 257256.7967995417
31.700000000000003 | 17.172515869140625 | 257256.8134675417
31.700000000000003 | 17.172515869140625 | 257256.83013554174
31.700000000000003 | 17.172515869140625 | 257256.84680354173
37.599999999999994 | 17.172515869140625 | 257256.86347154173
37.599999999999994 | 17.172515869140625 | 257256.88013954172
37.599999999999994 | 14.531890869140625 | 257256.89680754172
37.599999999999994 | 14.531890869140625 | 257256.91347554172
37.599999999999994 | 14.531890869140625 | 257256.93014354171
37.599999999999994 | 14.531890869140625 | 257256.9468115417
37.599999999999994 | 14.531890869140625 | 257256.96347954174
37.599999999999994 | 14.531890869140625 | 257256.98014754173
23.900000000000002 | 14.531890869140625 | 257256.99681554173
23.900000000000002 | 14.531890869140625 | 257257.01348354173
23.900000000000002 | 14.531890869140625 | 257257.03015154172
23.900000000000002 | 14.531890869140625 | 257257.04681954172
23.900000000000002 | 14.531890869140625 | 257257.06348754172
23.900000000000002 | 14.531890869140625 | 257257.0801555417
23.900000000000002 | 14.531890869140625 | 257257.0968235417
15.100000000000001 | 14.531890869140625 | 257257.11349154174
15.100000000000001 | 14.531890869140625 | 257257.13015954173
15.100000000000001 | 14.531890869140625 | 257257.14682754173
15.100000000000001 | 14.531890869140625 | 257257.16349554172
15.100000000000001 | 14.531890869140625 | 257257.18016354172
15.100000000000001 | 14.531890869140625 | 257257.19683154172
15.100000000000001 | 14.531890869140625 | 257257.21349954171
15.100000000000001 | 14.531890869140625 | 257257.2301675417
9.9 | 14.531890869140625 | 257257.24683554174
9.9 | 14.531890869140625 | 257257.26350354173
9.9 | 14.531890869140625 | 257257.28017154173
9.9 | 14.578765869140625 | 257257.29683954173
9.9 | 14.735015869140625 | 257257.31350754172
9.9 | 14.938140869140625 | 257257.33017554172
9.9 | 15.188140869140625 | 257257.34684354172
29.1 | 15.516265869140625 | 257257.3635115417
29.1 | 15.922515869140625 | 257257.3801795417
29.1 | 18.094390869140625 | 257257.39684754174
29.1 | 19.016265869140625 | 257257.41351554173
29.1 | 17.110015869140625 | 257257.43018354173
29.1 | 17.110015869140625 | 257257.44685154172
29.1 | 17.110015869140625 | 257257.46351954172
29.1 | 17.110015869140625 | 257257.48018754172
37.8 | 17.110015869140625 | 257257.4968555417
37.8 | 14.531890869140625 | 257257.5135235417
37.8 | 14.531890869140625 | 257257.53019154174
37.8 | 14.531890869140625 | 257257.54685954173
37.8 | 14.531890869140625 | 257257.56352754173
37.8 | 14.531890869140625 | 257257.58019554173
37.8 | 14.531890869140625 | 257257.59686354172
24.0 | 14.531890869140625 | 257257.61353154172
24.0 | 14.531890869140625 | 257257.63019954172
24.0 | 14.531890869140625 | 257257.6468675417
24.0 | 14.531890869140625 | 257257.6635355417
24.0 | 14.531890869140625 | 257257.68020354173
24.0 | 14.531890869140625 | 257257.69687154173
24.0 | 14.531890869140625 | 257257.71353954173
24.0 | 14.531890869140625 | 257257.73020754172
15.199999999999998 | 14.531890869140625 | 257257.74687554172
15.199999999999998 | 14.531890869140625 | 257257.76354354172
15.199999999999998 | 14.531890869140625 | 257257.7802115417
15.199999999999998 | 14.531890869140625 | 257257.7968795417
15.199999999999998 | 14.531890869140625 | 257257.81354754174
15.199999999999998 | 14.531890869140625 | 257257.83021554173
15.199999999999998 | 14.531890869140625 | 257257.84688354173
9.899999999999999 | 14.531890869140625 | 257257.86355154173
9.899999999999999 | 14.578765869140625 | 257257.88021954172
9.899999999999999 | 14.688140869140625 | 257257.89688754172
9.899999999999999 | 14.891265869140625 | 257257.91355554172
9.899999999999999 | 15.141265869140625 | 257257.9302235417
9.899999999999999 | 15.453765869140625 | 257257.9468915417
9.899999999999999 | 15.828765869140625 | 257257.96355954173
9.899999999999999 | 16.266265869140625 | 257257.98022754173
40.7 | 18.844390869140625 | 257257.99689554173
40.7 | 19.735015869140625 | 257258.01356354172
40.7 | 17.172515869140625 | 257258.03023154172
40.7 | 17.172515869140625 | 257258.04689954172
40.7 | 17.172515869140625 | 257258.0635675417
40.7 | 17.172515869140625 | 257258.0802355417
40.7 | 17.172515869140625 | 257258.09690354174
33.800000000000004 | 14.531890869140625 | 257258.11357154173
33.800000000000004 | 14.531890869140625 | 257258.13023954173
33.800000000000004 | 14.531890869140625 | 257258.14690754173
33.800000000000004 | 14.531890869140625 | 257258.16357554172
33.800000000000004 | 14.531890869140625 | 257258.18024354172
33.800000000000004 | 14.531890869140625 | 257258.19691154172
33.800000000000004 | 14.531890869140625 | 257258.2135795417
33.800000000000004 | 14.531890869140625 | 257258.2302475417
21.2 | 14.531890869140625 | 257258.24691554173
21.2 | 14.531890869140625 | 257258.26358354173
21.2 | 14.531890869140625 | 257258.28025154173
21.2 | 14.531890869140625 | 257258.29691954172
21.2 | 14.531890869140625 | 257258.31358754172
21.2 | 14.531890869140625 | 257258.33025554172
21.2 | 14.531890869140625 | 257258.3469235417
21.2 | 14.531890869140625 | 257258.3635915417
13.5 | 14.531890869140625 | 257258.38025954174
13.5 | 14.531890869140625 | 257258.39692754173
13.5 | 14.531890869140625 | 257258.41359554173
13.5 | 14.531890869140625 | 257258.43026354173
13.5 | 14.531890869140625 | 257258.44693154172
13.5 | 14.531890869140625 | 257258.46359954172
13.5 | 14.531890869140625 | 257258.48026754172
8.8 | 14.531890869140625 | 257258.4969355417
8.8 | 14.531890869140625 | 257258.5136035417
8.8 | 14.578765869140625 | 257258.53027154173
8.8 | 14.750640869140625 | 257258.54693954173
8.8 | 14.953765869140625 | 257258.56360754173
8.8 | 15.203765869140625 | 257258.58027554172
8.8 | 15.516265869140625 | 257258.59694354172
8.8 | 15.906890869140625 | 257258.61361154172
33.7 | 18.110015869140625 | 257258.6302795417
33.7 | 19.031890869140625 | 257258.6469475417
33.7 | 19.922515869140625 | 257258.66361554174
33.7 | 17.250640869140625 | 257258.68028354173
33.7 | 17.250640869140625 | 257258.69695154173
33.7 | 17.250640869140625 | 257258.71361954173
33.7 | 17.250640869140625 | 257258.73028754172
36.0 | 14.531890869140625 | 257258.74695554172
36.0 | 14.531890869140625 | 257258.76362354172
36.0 | 14.531890869140625 | 257258.7802915417
36.0 | 14.531890869140625 | 257258.7969595417
36.0 | 14.531890869140625 | 257258.81362754173
36.0 | 14.531890869140625 | 257258.83029554173
36.0 | 14.531890869140625 | 257258.84696354173
36.0 | 14.531890869140625 | 257258.86363154172
22.8 | 14.531890869140625 | 257258.88029954172
22.8 | 14.531890869140625 | 257258.89696754172
22.8 | 14.531890869140625 | 257258.9136355417
22.8 | 14.531890869140625 | 257258.9303035417
22.8 | 14.531890869140625 | 257258.94697154174
22.8 | 14.531890869140625 | 257258.96363954173
22.8 | 14.531890869140625 | 257258.98030754173
14.4 | 14.531890869140625 | 257258.99697554173
14.4 | 14.531890869140625 | 257259.01364354172
14.4 | 14.531890869140625 | 257259.03031154172
14.4 | 14.531890869140625 | 257259.04697954172
14.4 | 14.531890869140625 | 257259.0636475417
14.4 | 14.531890869140625 | 257259.0803155417
14.4 | 14.531890869140625 | 257259.09698354173
14.4 | 14.531890869140625 | 257259.11365154173
9.5 | 14.578765869140625 | 257259.13031954173
9.5 | 14.688140869140625 | 257259.14698754172
9.5 | 14.875640869140625 | 257259.16365554172
9.5 | 15.094390869140625 | 257259.18032354172
9.5 | 15.391265869140625 | 257259.1969915417
9.5 | 15.750640869140625 | 257259.2136595417
9.5 | 16.156890869140625 | 257259.23032754174
42.7 | 18.563140869140625 | 257259.24699554173
42.7 | 16.735015869140625 | 257259.26366354173
42.7 | 16.735015869140625 | 257259.28033154173
42.7 | 16.735015869140625 | 257259.29699954172
42.7 | 16.735015869140625 | 257259.31366754172
42.7 | 16.735015869140625 | 257259.33033554172
42.7 | 16.735015869140625 | 257259.3470035417
42.7 | 14.531890869140625 | 257259.3636715417
30.2 | 14.531890869140625 | 257259.38033954173
30.2 | 14.531890869140625 | 257259.39700754173
30.2 | 14.531890869140625 | 257259.41367554173
30.2 | 14.531890869140625 | 257259.43034354172
30.2 | 14.531890869140625 | 257259.44701154172
30.2 | 14.531890869140625 | 257259.46367954172
30.2 | 14.531890869140625 | 257259.4803475417
19.0 | 14.531890869140625 | 257259.4970155417
19.0 | 14.531890869140625 | 257259.51368354174
19.0 | 14.531890869140625 | 257259.53035154173
19.0 | 14.531890869140625 | 257259.54701954173
19.0 | 14.531890869140625 | 257259.56368754173
19.0 | 14.531890869140625 | 257259.58035554172
19.0 | 14.531890869140625 | 257259.59702354172
19.0 | 14.531890869140625 | 257259.61369154172
12.0 | 14.531890869140625 | 257259.6303595417
12.0 | 14.531890869140625 | 257259.6470275417
12.0 | 14.531890869140625 | 257259.66369554173
12.0 | 14.531890869140625 | 257259.68036354173
12.0 | 14.531890869140625 | 257259.69703154173
12.0 | 14.531890869140625 | 257259.71369954172
12.0 | 14.578765869140625 | 257259.73036754172
14.9 | 14.703765869140625 | 257259.74703554172
14.9 | 14.906890869140625 | 257259.7637035417
14.9 | 15.141265869140625 | 257259.7803715417
14.9 | 15.469390869140625 | 257259.79703954174
14.9 | 15.844390869140625 | 257259.81370754173
14.9 | 17.969390869140625 | 257259.83037554173
14.9 | 18.860015869140625 | 257259.84704354173
14.9 | 19.750640869140625 | 257259.86371154172
44.800000000000004 | 17.125640869140625 | 257259.88037954172
44.800000000000004 | 17.125640869140625 | 257259.89704754172
44.800000000000004 | 17.125640869140625 | 257259.9137155417
44.800000000000004 | 17.125640869140625 | 257259.9303835417
44.800000000000004 | 14.516265869140625 | 257259.94705154173
44.800000000000004 | 14.516265869140625 | 257259.96371954173
44.800000000000004 | 14.516265869140625 | 257259.98038754173
28.3 | 14.516265869140625 | 257259.99705554172
28.3 | 14.516265869140625 | 257260.01372354172
28.3 | 14.516265869140625 | 257260.03039154172
28.3 | 14.516265869140625 | 257260.0470595417
28.3 | 14.516265869140625 | 257260.0637275417
28.3 | 14.516265869140625 | 257260.08039554174
28.3 | 14.516265869140625 | 257260.09706354173
28.3 | 14.516265869140625 | 257260.11373154173
17.7 | 14.516265869140625 | 257260.13039954173
17.7 | 14.516265869140625 | 257260.14706754172
17.7 | 14.516265869140625 | 257260.16373554172
17.7 | 14.516265869140625 | 257260.18040354172
17.7 | 14.516265869140625 | 257260.1970715417
17.7 | 14.516265869140625 | 257260.21373954174
17.7 | 14.516265869140625 | 257260.23040754173
11.3 | 14.516265869140625 | 257260.24707554173
11.3 | 14.516265869140625 | 257260.26374354173
11.3 | 14.516265869140625 | 257260.28041154172
11.3 | 14.516265869140625 | 257260.29707954172
11.3 | 14.516265869140625 | 257260.31374754172
11.3 | 14.516265869140625 | 257260.3304155417
11.3 | 14.516265869140625 | 257260.3470835417
11.3 | 14.516265869140625 | 257260.36375154174
7.6 | 14.563140869140625 | 257260.38041954173
7.6 | 14.672515869140625 | 257260.39708754173
7.6 | 14.860015869140625 | 257260.41375554173
7.6 | 15.078765869140625 | 257260.43042354172
7.6 | 15.360015869140625 | 257260.44709154172
7.6 | 15.719390869140625 | 257260.46375954172
7.6 | 16.110015869140625 | 257260.4804275417
7.6 | 18.500640869140625 | 257260.49709554174
44.5 | 16.641265869140625 | 257260.51376354173
44.5 | 16.641265869140625 | 257260.53043154173
44.5 | 16.641265869140625 | 257260.54709954173
44.5 | 16.641265869140625 | 257260.56376754172
44.5 | 14.516265869140625 | 257260.58043554172
44.5 | 14.516265869140625 | 257260.59710354172
44.5 | 14.516265869140625 | 257260.6137715417
28.1 | 14.516265869140625 | 257260.6304395417
28.1 | 14.516265869140625 | 257260.64710754174
28.1 | 14.516265869140625 | 257260.66377554173
28.1 | 14.516265869140625 | 257260.68044354173
28.1 | 14.516265869140625 | 257260.69711154173
28.1 | 14.516265869140625 | 257260.71377954172
28.1 | 14.516265869140625 | 257260.73044754172
28.1 | 14.516265869140625 | 257260.74711554172
17.6 | 14.516265869140625 | 257260.7637835417
17.6 | 14.516265869140625 | 257260.78045154174
17.6 | 14.516265869140625 | 257260.79711954173
17.6 | 14.516265869140625 | 257260.81378754173
17.6 | 14.516265869140625 | 257260.83045554173
17.6 | 14.516265869140625 | 257260.84712354172
17.6 | 14.516265869140625 | 257260.86379154172
11.299999999999999 | 14.516265869140625 | 257260.88045954172
11.299999999999999 | 14.516265869140625 | 257260.8971275417
11.299999999999999 | 14.516265869140625 | 257260.9137955417
11.299999999999999 | 14.516265869140625 | 257260.93046354174
11.299999999999999 | 14.516265869140625 | 257260.94713154173
11.299999999999999 | 14.516265869140625 | 257260.96379954173
11.299999999999999 | 14.516265869140625 | 257260.98046754173
9.5 | 14.578765869140625 | 257260.99713554172
9.5 | 14.672515869140625 | 257261.01380354172
9.5 | 14.938140869140625 | 257261.03047154172
9.5 | 15.375640869140625 | 257261.0471395417
9.5 | 15.906890869140625 | 257261.06380754174
9.5 | 16.625640869140625 | 257261.08047554173
9.5 | 17.469390869140625 | 257261.09714354173
9.5 | 18.578765869140625 | 257261.11381154173
43.9 | 19.500640869140625 | 257261.13047954172
43.9 | 17.110015869140625 | 257261.14714754172
43.9 | 17.110015869140625 | 257261.16381554172
43.9 | 17.110015869140625 | 257261.1804835417
43.9 | 17.110015869140625 | 257261.1971515417
43.9 | 14.531890869140625 | 257261.21381954174
43.9 | 14.531890869140625 | 257261.23048754173
43.9 | 14.531890869140625 | 257261.24715554173
29.7 | 14.531890869140625 | 257261.26382354173
29.7 | 14.531890869140625 | 257261.28049154172
29.7 | 14.531890869140625 | 257261.29715954172
29.7 | 14.531890869140625 | 257261.31382754171
29.7 | 14.531890869140625 | 257261.3304955417
29.7 | 14.531890869140625 | 257261.34716354174
29.7 | 14.531890869140625 | 257261.36383154173
18.599999999999998 | 14.531890869140625 | 257261.38049954173
18.599999999999998 | 14.531890869140625 | 257261.39716754173
18.599999999999998 | 14.531890869140625 | 257261.41383554172
18.599999999999998 | 14.531890869140625 | 257261.43050354172
18.599999999999998 | 14.531890869140625 | 257261.44717154172
18.599999999999998 | 14.531890869140625 | 257261.4638395417
18.599999999999998 | 14.531890869140625 | 257261.4805075417
18.599999999999998 | 14.531890869140625 | 257261.49717554174
12.000000000000002 | 14.531890869140625 | 257261.51384354173
12.000000000000002 | 14.531890869140625 | 257261.53051154173
12.000000000000002 | 14.531890869140625 | 257261.54717954173
12.000000000000002 | 14.531890869140625 | 257261.56384754172
12.000000000000002 | 14.578765869140625 | 257261.58051554172
12.000000000000002 | 14.688140869140625 | 257261.59718354171
12.000000000000002 | 14.891265869140625 | 257261.6138515417
23.599999999999998 | 15.110015869140625 | 257261.63051954174
23.599999999999998 | 15.406890869140625 | 257261.64718754173
23.599999999999998 | 15.766265869140625 | 257261.66385554173
23.599999999999998 | 16.188140869140625 | 257261.68052354173
23.599999999999998 | 18.672515869140625 | 257261.69719154172
23.599999999999998 | 19.563140869140625 | 257261.71385954172
23.599999999999998 | 17.078765869140625 | 257261.73052754172
23.599999999999998 | 17.078765869140625 | 257261.7471955417
40.9 | 17.078765869140625 | 257261.7638635417
40.9 | 17.078765869140625 | 257261.78053154174
40.9 | 17.078765869140625 | 257261.79719954173
40.9 | 14.531890869140625 | 257261.81386754173
40.9 | 14.531890869140625 | 257261.83053554173
40.9 | 14.531890869140625 | 257261.84720354172
40.9 | 14.531890869140625 | 257261.86387154172
25.799999999999997 | 14.531890869140625 | 257261.88053954171
25.799999999999997 | 14.531890869140625 | 257261.8972075417
25.799999999999997 | 14.531890869140625 | 257261.91387554174
25.799999999999997 | 14.531890869140625 | 257261.93054354173
25.799999999999997 | 14.531890869140625 | 257261.94721154173
25.799999999999997 | 14.531890869140625 | 257261.96387954173
25.799999999999997 | 14.531890869140625 | 257261.98054754172
25.799999999999997 | 14.531890869140625 | 257261.99721554172
16.4 | 14.531890869140625 | 257262.01388354172
16.4 | 14.531890869140625 | 257262.0305515417
16.4 | 14.531890869140625 | 257262.0472195417
16.4 | 14.531890869140625 | 257262.06388754174
16.4 | 14.531890869140625 | 257262.08055554173
16.4 | 14.531890869140625 | 257262.09722354173
16.4 | 14.531890869140625 | 257262.11389154173
10.5 | 14.531890869140625 | 257262.13055954172
10.5 | 14.531890869140625 | 257262.14722754172
10.5 | 14.531890869140625 | 257262.16389554171
10.5 | 14.531890869140625 | 257262.1805635417
10.5 | 14.531890869140625 | 257262.19723154174
10.5 | 14.531890869140625 | 257262.21389954173
10.5 | 14.531890869140625 | 257262.23056754173
10.5 | 14.578765869140625 | 257262.24723554173
10.0 | 14.703765869140625 | 257262.26390354172
10.0 | 14.906890869140625 | 257262.28057154172
10.0 | 15.141265869140625 | 257262.29723954172
10.0 | 15.453765869140625 | 257262.3139075417
10.0 | 15.844390869140625 | 257262.3305755417
10.0 | 17.985015869140625 | 257262.34724354174
10.0 | 18.891265869140625 | 257262.36391154173
44.8 | 19.797515869140625 | 257262.38057954173
44.8 | 17.266265869140625 | 257262.39724754172
44.8 | 17.266265869140625 | 257262.41391554172
44.8 | 17.266265869140625 | 257262.43058354172
44.8 | 17.266265869140625 | 257262.44725154171
44.8 | 14.531890869140625 | 257262.4639195417
44.8 | 14.531890869140625 | 257262.48058754174
44.8 | 14.531890869140625 | 257262.49725554173
30.1 | 14.531890869140625 | 257262.51392354173
30.1 | 14.531890869140625 | 257262.53059154173
30.1 | 14.531890869140625 | 257262.54725954172
30.1 | 14.531890869140625 | 257262.56392754172
30.1 | 14.531890869140625 | 257262.58059554172
30.1 | 14.531890869140625 | 257262.5972635417
30.1 | 14.531890869140625 | 257262.6139315417
18.900000000000002 | 14.531890869140625 | 257262.63059954174
18.900000000000002 | 14.531890869140625 | 257262.64726754173
18.900000000000002 | 14.531890869140625 | 257262.66393554173
18.900000000000002 | 14.531890869140625 | 257262.68060354172
18.900000000000002 | 14.531890869140625 | 257262.69727154172
18.900000000000002 | 14.531890869140625 | 257262.71393954172
18.900000000000002 | 14.531890869140625 | 257262.73060754171
18.900000000000002 | 14.531890869140625 | 257262.7472755417
12.299999999999999 | 14.531890869140625 | 257262.76394354174
12.299999999999999 | 14.531890869140625 | 257262.78061154173
12.299999999999999 | 14.531890869140625 | 257262.79727954173
12.299999999999999 | 14.531890869140625 | 257262.81394754173
12.299999999999999 | 14.531890869140625 | 257262.83061554172
12.299999999999999 | 14.531890869140625 | 257262.84728354172
12.299999999999999 | 14.531890869140625 | 257262.86395154172
11.5 | 14.594390869140625 | 257262.8806195417
11.5 | 14.766265869140625 | 257262.8972875417
11.5 | 14.906890869140625 | 257262.91395554174
11.5 | 15.172515869140625 | 257262.93062354173
11.5 | 15.516265869140625 | 257262.94729154173
11.5 | 15.922515869140625 | 257262.96395954172
11.5 | 18.172515869140625 | 257262.98062754172
11.5 | 19.063140869140625 | 257262.99729554172
44.5 | 17.125640869140625 | 257263.02220175005
44.5 | 17.125640869140625 | 257263.03885912505
44.5 | 17.125640869140625 | 257263.05551650006
44.5 | 17.125640869140625 | 257263.07217387506
--- NEW BENCHMARK RUN ---

CPU | Memory (MB) | Timestamp
---
43.5 | 13.922470092773438 | 260617.90360437505
43.5 | 13.922470092773438 | 260617.9202727084
43.5 | 13.922470092773438 | 260617.93694104173
27.599999999999998 | 13.922470092773438 | 260617.95360937505
27.599999999999998 | 13.922470092773438 | 260617.9702777084
27.599999999999998 | 13.922470092773438 | 260617.98694604172
27.599999999999998 | 13.922470092773438 | 260618.00361437505
27.599999999999998 | 13.922470092773438 | 260618.0202827084
27.599999999999998 | 13.922470092773438 | 260618.03695104172
27.599999999999998 | 13.922470092773438 | 260618.05361937504
17.200000000000003 | 13.922470092773438 | 260618.0702877084
17.200000000000003 | 13.922470092773438 | 260618.08695604172
17.200000000000003 | 13.922470092773438 | 260618.10362437507
17.200000000000003 | 13.922470092773438 | 260618.1202927084
17.200000000000003 | 13.922470092773438 | 260618.13696104172
17.200000000000003 | 13.922470092773438 | 260618.15362937507
17.200000000000003 | 13.922470092773438 | 260618.1702977084
17.200000000000003 | 13.922470092773438 | 260618.1869660417
10.999999999999998 | 13.922470092773438 | 260618.20363437507
10.999999999999998 | 13.922470092773438 | 260618.2203027084
10.999999999999998 | 13.922470092773438 | 260618.2369710417
10.999999999999998 | 13.922470092773438 | 260618.25363937506
10.999999999999998 | 13.922470092773438 | 260618.2703077084
10.999999999999998 | 13.969345092773438 | 260618.28697604174
10.999999999999998 | 14.609970092773438 | 260618.30364437506
18.4 | 14.844345092773438 | 260618.32031270838
18.4 | 15.063095092773438 | 260618.33698104174
18.4 | 15.359970092773438 | 260618.35364937506
18.4 | 15.766220092773438 | 260618.37031770838
18.4 | 16.219345092773438 | 260618.38698604173
18.4 | 18.563095092773438 | 260618.40365437506
18.4 | 16.344345092773438 | 260618.42032270838
18.4 | 16.344345092773438 | 260618.43699104173
41.3 | 16.344345092773438 | 260618.45365937505
41.3 | 16.344345092773438 | 260618.4703277084
41.3 | 16.344345092773438 | 260618.48699604173
41.3 | 13.922470092773438 | 260618.50366437505
41.3 | 13.922470092773438 | 260618.5203327084
41.3 | 13.922470092773438 | 260618.53700104172
41.3 | 13.922470092773438 | 260618.55366937505
26.0 | 13.922470092773438 | 260618.5703377084
26.0 | 13.922470092773438 | 260618.58700604172
26.0 | 13.922470092773438 | 260618.60367437504
26.0 | 13.922470092773438 | 260618.6203427084
26.0 | 13.922470092773438 | 260618.63701104172
26.0 | 13.922470092773438 | 260618.65367937507
26.0 | 13.922470092773438 | 260618.6703477084
26.0 | 13.922470092773438 | 260618.68701604172
16.400000000000002 | 13.922470092773438 | 260618.70368437507
16.400000000000002 | 13.922470092773438 | 260618.7203527084
16.400000000000002 | 13.922470092773438 | 260618.7370210417
16.400000000000002 | 13.922470092773438 | 260618.75368937507
16.400000000000002 | 13.922470092773438 | 260618.7703577084
16.400000000000002 | 13.922470092773438 | 260618.7870260417
16.400000000000002 | 13.922470092773438 | 260618.80369437506
10.6 | 13.922470092773438 | 260618.8203627084
10.6 | 13.922470092773438 | 260618.83703104174
10.6 | 13.922470092773438 | 260618.85369937506
10.6 | 13.922470092773438 | 260618.87036770838
10.6 | 13.922470092773438 | 260618.88703604173
10.6 | 13.969345092773438 | 260618.90370437506
10.6 | 14.063095092773438 | 260618.92037270838
10.6 | 14.219345092773438 | 260618.93704104173
23.0 | 14.422470092773438 | 260618.95370937506
23.0 | 14.703720092773438 | 260618.97037770838
23.0 | 15.094345092773438 | 260618.98704604173
23.0 | 15.531845092773438 | 260619.00371437505
23.0 | 17.984970092773438 | 260619.0203827084
23.0 | 16.297470092773438 | 260619.03705104173
23.0 | 16.297470092773438 | 260619.05371937505
39.300000000000004 | 16.297470092773438 | 260619.0703877084
39.300000000000004 | 16.297470092773438 | 260619.08705604172
39.300000000000004 | 16.297470092773438 | 260619.10372437505
39.300000000000004 | 13.922470092773438 | 260619.1203927084
39.300000000000004 | 13.922470092773438 | 260619.13706104172
39.300000000000004 | 13.922470092773438 | 260619.15372937504
39.300000000000004 | 13.922470092773438 | 260619.1703977084
39.300000000000004 | 13.922470092773438 | 260619.18706604172
24.8 | 13.922470092773438 | 260619.20373437507
24.8 | 13.922470092773438 | 260619.2204027084
24.8 | 13.922470092773438 | 260619.23707104172
24.8 | 13.922470092773438 | 260619.25373937507
24.8 | 13.922470092773438 | 260619.2704077084
24.8 | 13.922470092773438 | 260619.2870760417
24.8 | 13.922470092773438 | 260619.30374437507
15.700000000000001 | 13.922470092773438 | 260619.3204127084
15.700000000000001 | 13.922470092773438 | 260619.3370810417
15.700000000000001 | 13.922470092773438 | 260619.35374937506
15.700000000000001 | 13.922470092773438 | 260619.3704177084
15.700000000000001 | 13.922470092773438 | 260619.38708604174
15.700000000000001 | 13.922470092773438 | 260619.40375437506
15.700000000000001 | 13.922470092773438 | 260619.42042270838
15.700000000000001 | 13.922470092773438 | 260619.43709104173
10.200000000000001 | 13.922470092773438 | 260619.45375937506
10.200000000000001 | 13.922470092773438 | 260619.47042770838
10.200000000000001 | 13.922470092773438 | 260619.48709604173
10.200000000000001 | 13.922470092773438 | 260619.50376437505
10.200000000000001 | 13.922470092773438 | 260619.52043270838
10.200000000000001 | 13.969345092773438 | 260619.53710104173
10.200000000000001 | 14.125595092773438 | 260619.55376937505
19.2 | 14.281845092773438 | 260619.5704377084
19.2 | 14.516220092773438 | 260619.58710604173
19.2 | 14.844345092773438 | 260619.60377437505
19.2 | 15.250595092773438 | 260619.6204427084
19.2 | 17.422470092773438 | 260619.63711104172
19.2 | 18.281845092773438 | 260619.65377937505
19.2 | 16.297470092773438 | 260619.6704477084
19.2 | 16.297470092773438 | 260619.68711604172
40.0 | 16.297470092773438 | 260619.70378437504
40.0 | 16.297470092773438 | 260619.7204527084
40.0 | 16.297470092773438 | 260619.73712104172
40.0 | 16.297470092773438 | 260619.75378937507
40.0 | 13.922470092773438 | 260619.7704577084
40.0 | 13.922470092773438 | 260619.78712604172
40.0 | 13.922470092773438 | 260619.80379437507
40.0 | 13.922470092773438 | 260619.8204627084
25.3 | 13.922470092773438 | 260619.8371310417
25.3 | 13.922470092773438 | 260619.85379937507
25.3 | 13.922470092773438 | 260619.8704677084
25.3 | 13.922470092773438 | 260619.8871360417
25.3 | 13.922470092773438 | 260619.90380437506
25.3 | 13.922470092773438 | 260619.92047270839
25.3 | 13.922470092773438 | 260619.93714104174
15.999999999999998 | 13.922470092773438 | 260619.95380937506
15.999999999999998 | 13.922470092773438 | 260619.97047770838
15.999999999999998 | 13.922470092773438 | 260619.98714604173
15.999999999999998 | 13.922470092773438 | 260620.00381437506
15.999999999999998 | 13.922470092773438 | 260620.02048270838
15.999999999999998 | 13.922470092773438 | 260620.03715104173
15.999999999999998 | 13.922470092773438 | 260620.05381937505
15.999999999999998 | 13.922470092773438 | 260620.07048770838
10.299999999999999 | 13.922470092773438 | 260620.08715604173
10.299999999999999 | 13.922470092773438 | 260620.10382437505
10.299999999999999 | 13.922470092773438 | 260620.1204927084
10.299999999999999 | 13.922470092773438 | 260620.13716104173
10.299999999999999 | 13.922470092773438 | 260620.15382937505
10.299999999999999 | 13.922470092773438 | 260620.1704977084
10.299999999999999 | 16.547470092773438 | 260620.18716604172
10.500000000000002 | 14.031845092773438 | 260620.20383437505
10.500000000000002 | 14.203720092773438 | 260620.2205027084
10.500000000000002 | 14.375595092773438 | 260620.23717104172
10.500000000000002 | 14.641220092773438 | 260620.25383937504
10.500000000000002 | 15.016220092773438 | 260620.2705077084
10.500000000000002 | 15.453720092773438 | 260620.28717604172
10.500000000000002 | 17.844345092773438 | 260620.30384437507
10.500000000000002 | 18.688095092773438 | 260620.3205127084
44.4 | 16.375595092773438 | 260620.33718104172
44.4 | 16.375595092773438 | 260620.35384937507
44.4 | 16.375595092773438 | 260620.3705177084
44.4 | 16.375595092773438 | 260620.3871860417
44.4 | 13.922470092773438 | 260620.40385437506
44.4 | 13.922470092773438 | 260620.4205227084
44.4 | 13.922470092773438 | 260620.4371910417
28.0 | 13.922470092773438 | 260620.45385937506
28.0 | 13.922470092773438 | 260620.47052770838
28.0 | 13.922470092773438 | 260620.48719604174
28.0 | 13.922470092773438 | 260620.50386437506
28.0 | 13.922470092773438 | 260620.52053270838
28.0 | 13.922470092773438 | 260620.53720104173
28.0 | 13.922470092773438 | 260620.55386937506
28.0 | 13.922470092773438 | 260620.57053770838
17.599999999999998 | 13.922470092773438 | 260620.58720604173
17.599999999999998 | 13.922470092773438 | 260620.60387437505
17.599999999999998 | 13.922470092773438 | 260620.62054270838
17.599999999999998 | 13.922470092773438 | 260620.63721104173
17.599999999999998 | 13.922470092773438 | 260620.65387937505
17.599999999999998 | 13.922470092773438 | 260620.6705477084
17.599999999999998 | 13.922470092773438 | 260620.68721604173
11.399999999999999 | 13.922470092773438 | 260620.70388437505
11.399999999999999 | 13.922470092773438 | 260620.7205527084
11.399999999999999 | 13.922470092773438 | 260620.73722104172
11.399999999999999 | 13.922470092773438 | 260620.75388937505
11.399999999999999 | 13.922470092773438 | 260620.7705577084
11.399999999999999 | 13.922470092773438 | 260620.78722604172
11.399999999999999 | 13.969345092773438 | 260620.80389437504
11.399999999999999 | 14.016220092773438 | 260620.8205627084
16.4 | 14.188095092773438 | 260620.83723104172
16.4 | 14.375595092773438 | 260620.85389937507
16.4 | 14.656845092773438 | 260620.8705677084
16.4 | 15.031845092773438 | 260620.88723604172
16.4 | 15.484970092773438 | 260620.90390437507
16.4 | 17.891220092773438 | 260620.9205727084
16.4 | 18.734970092773438 | 260620.9372410417
42.699999999999996 | 16.344345092773438 | 260620.95390937506
42.699999999999996 | 16.344345092773438 | 260620.9705777084
42.699999999999996 | 16.344345092773438 | 260620.9872460417
42.699999999999996 | 16.344345092773438 | 260621.00391437506
42.699999999999996 | 13.922470092773438 | 260621.02058270838
42.699999999999996 | 13.922470092773438 | 260621.03725104174
42.699999999999996 | 13.922470092773438 | 260621.05391937506
42.699999999999996 | 13.922470092773438 | 260621.07058770838
27.000000000000004 | 13.922470092773438 | 260621.08725604173
27.000000000000004 | 13.922470092773438 | 260621.10392437506
27.000000000000004 | 13.922470092773438 | 260621.12059270838
27.000000000000004 | 13.922470092773438 | 260621.13726104173
27.000000000000004 | 13.922470092773438 | 260621.15392937505
27.000000000000004 | 13.922470092773438 | 260621.17059770838
27.000000000000004 | 13.922470092773438 | 260621.18726604173
17.0 | 13.922470092773438 | 260621.20393437505
17.0 | 13.922470092773438 | 260621.2206027084
17.0 | 13.922470092773438 | 260621.23727104173
17.0 | 13.922470092773438 | 260621.25393937505
17.0 | 13.922470092773438 | 260621.2706077084
17.0 | 13.922470092773438 | 260621.28727604172
17.0 | 13.922470092773438 | 260621.30394437505
17.0 | 13.922470092773438 | 260621.3206127084
11.0 | 13.922470092773438 | 260621.33728104172
11.0 | 13.922470092773438 | 260621.35394937504
11.0 | 13.922470092773438 | 260621.3706177084
11.0 | 13.922470092773438 | 260621.38728604172
11.0 | 13.922470092773438 | 260621.40395437507
11.0 | 13.922470092773438 | 260621.4206227084
11.0 | 16.453720092773438 | 260621.43729104172
12.799999999999999 | 14.063095092773438 | 260621.45395937507
12.799999999999999 | 14.281845092773438 | 260621.4706277084
12.799999999999999 | 14.516220092773438 | 260621.4872960417
12.799999999999999 | 14.781845092773438 | 260621.50396437506
12.799999999999999 | 15.156845092773438 | 260621.5206327084
12.799999999999999 | 15.594345092773438 | 260621.5373010417
12.799999999999999 | 17.828720092773438 | 260621.55396937506
12.799999999999999 | 18.656845092773438 | 260621.57063770838
43.5 | 16.266220092773438 | 260621.58730604174
43.5 | 16.266220092773438 | 260621.60397437506
43.5 | 16.266220092773438 | 260621.62064270838
43.5 | 16.266220092773438 | 260621.63731104173
43.5 | 13.922470092773438 | 260621.65397937506
43.5 | 13.922470092773438 | 260621.67064770838
43.5 | 13.922470092773438 | 260621.68731604173
27.6 | 13.922470092773438 | 260621.70398437505
27.6 | 13.922470092773438 | 260621.72065270838
27.6 | 13.922470092773438 | 260621.73732104173
27.6 | 13.922470092773438 | 260621.75398937505
27.6 | 13.922470092773438 | 260621.7706577084
27.6 | 13.922470092773438 | 260621.78732604173
27.6 | 13.922470092773438 | 260621.80399437505
27.6 | 13.922470092773438 | 260621.8206627084
17.3 | 13.922470092773438 | 260621.83733104172
17.3 | 13.922470092773438 | 260621.85399937505
17.3 | 13.922470092773438 | 260621.8706677084
17.3 | 13.922470092773438 | 260621.88733604172
17.3 | 13.922470092773438 | 260621.90400437504
17.3 | 13.922470092773438 | 260621.9206727084
17.3 | 13.922470092773438 | 260621.93734104172
11.0 | 13.922470092773438 | 260621.95400937507
11.0 | 13.922470092773438 | 260621.9706777084
11.0 | 13.922470092773438 | 260621.98734604171
11.0 | 13.922470092773438 | 260622.00401437507
11.0 | 13.922470092773438 | 260622.0206827084
11.0 | 13.922470092773438 | 260622.0373510417
11.0 | 13.969345092773438 | 260622.05401937506
11.0 | 14.031845092773438 | 260622.0706877084
15.900000000000002 | 14.188095092773438 | 260622.0873560417
15.900000000000002 | 14.391220092773438 | 260622.10402437506
15.900000000000002 | 14.672470092773438 | 260622.12069270838
15.900000000000002 | 15.031845092773438 | 260622.13736104174
15.900000000000002 | 15.500595092773438 | 260622.15402937506
15.900000000000002 | 17.906845092773438 | 260622.17069770838
15.900000000000002 | 18.734970092773438 | 260622.18736604173
15.900000000000002 | 16.313095092773438 | 260622.20403437506
42.199999999999996 | 16.313095092773438 | 260622.22070270838
42.199999999999996 | 16.313095092773438 | 260622.23737104173
5.8 | 16.250595092773438 | 260622.25403937505
5.8 | 16.250595092773438 | 260622.27070770838
5.8 | 13.859970092773438 | 260622.28737604173
5.8 | 13.859970092773438 | 260622.30404437505
5.8 | 13.859970092773438 | 260622.3207127084
3.9000000000000004 | 13.859970092773438 | 260622.33738104173
3.9000000000000004 | 13.859970092773438 | 260622.35404937505
3.9000000000000004 | 13.859970092773438 | 260622.3707177084
3.9000000000000004 | 13.859970092773438 | 260622.38738604172
3.9000000000000004 | 13.859970092773438 | 260622.40405437505
3.9000000000000004 | 13.859970092773438 | 260622.4207227084
3.9000000000000004 | 13.859970092773438 | 260622.43739104172
3.9000000000000004 | 13.859970092773438 | 260622.45405937507
2.5 | 13.859970092773438 | 260622.4707277084
2.5 | 13.859970092773438 | 260622.48739604172
2.5 | 13.859970092773438 | 260622.50406437507
2.5 | 13.859970092773438 | 260622.5207327084
2.5 | 13.859970092773438 | 260622.5374010417
2.5 | 13.859970092773438 | 260622.55406937507
2.5 | 13.859970092773438 | 260622.5707377084
1.9 | 13.859970092773438 | 260622.5874060417
1.9 | 13.859970092773438 | 260622.60407437506
1.9 | 13.859970092773438 | 260622.6207427084
1.9 | 13.859970092773438 | 260622.63741104174
1.9 | 13.859970092773438 | 260622.65407937506
1.9 | 13.906845092773438 | 260622.67074770838
1.9 | 13.984970092773438 | 260622.68741604174
1.9 | 14.141220092773438 | 260622.70408437506
14.3 | 14.344345092773438 | 260622.72075270838
14.3 | 14.641220092773438 | 260622.73742104173
14.3 | 15.047470092773438 | 260622.75408937506
14.3 | 15.500595092773438 | 260622.77075770838
14.3 | 17.969345092773438 | 260622.78742604173
14.3 | 16.281845092773438 | 260622.80409437505
14.3 | 16.281845092773438 | 260622.8207627084
37.6 | 16.281845092773438 | 260622.83743104173
37.6 | 16.281845092773438 | 260622.85409937505
37.6 | 16.281845092773438 | 260622.8707677084
37.6 | 13.859970092773438 | 260622.88743604172
37.6 | 13.859970092773438 | 260622.90410437505
37.6 | 13.859970092773438 | 260622.9207727084
37.6 | 13.859970092773438 | 260622.93744104172
37.6 | 13.859970092773438 | 260622.95410937504
23.9 | 13.859970092773438 | 260622.9707777084
23.9 | 13.859970092773438 | 260622.98744604172
23.9 | 13.859970092773438 | 260623.00411437507
23.9 | 13.859970092773438 | 260623.0207827084
23.9 | 13.859970092773438 | 260623.03745104172
23.9 | 13.859970092773438 | 260623.05411937507
23.9 | 13.859970092773438 | 260623.0707877084
14.9 | 13.859970092773438 | 260623.0874560417
14.9 | 13.859970092773438 | 260623.10412437507
14.9 | 13.859970092773438 | 260623.1207927084
14.9 | 13.859970092773438 | 260623.1374610417
14.9 | 13.859970092773438 | 260623.15412937506
14.9 | 13.859970092773438 | 260623.1707977084
14.9 | 13.859970092773438 | 260623.18746604174
14.9 | 13.859970092773438 | 260623.20413437506
9.7 | 13.859970092773438 | 260623.22080270838
9.7 | 13.859970092773438 | 260623.23747104174
9.7 | 13.859970092773438 | 260623.25413937506
9.7 | 13.859970092773438 | 260623.27080770838
9.7 | 13.859970092773438 | 260623.28747604173
9.7 | 13.922470092773438 | 260623.30414437506
9.7 | 14.063095092773438 | 260623.32081270838
19.300000000000004 | 14.234970092773438 | 260623.33748104173
19.300000000000004 | 14.469345092773438 | 260623.35414937505
19.300000000000004 | 14.781845092773438 | 260623.3708177084
19.300000000000004 | 15.188095092773438 | 260623.38748604173
19.300000000000004 | 17.406845092773438 | 260623.40415437505
19.300000000000004 | 18.281845092773438 | 260623.4208227084
19.300000000000004 | 16.328720092773438 | 260623.43749104172
19.300000000000004 | 16.328720092773438 | 260623.45415937505
40.6 | 16.328720092773438 | 260623.4708277084
40.6 | 16.328720092773438 | 260623.48749604172
40.6 | 16.328720092773438 | 260623.50416437504
40.6 | 13.875595092773438 | 260623.5208327084
40.6 | 13.875595092773438 | 260623.53750104172
40.6 | 13.875595092773438 | 260623.55416937507
40.6 | 13.875595092773438 | 260623.5708377084
25.7 | 13.875595092773438 | 260623.58750604172
25.7 | 13.875595092773438 | 260623.60417437507
25.7 | 13.875595092773438 | 260623.6208427084
25.7 | 13.875595092773438 | 260623.6375110417
25.7 | 13.875595092773438 | 260623.65417937507
25.7 | 13.875595092773438 | 260623.6708477084
25.7 | 13.875595092773438 | 260623.6875160417
25.7 | 13.875595092773438 | 260623.70418437506
16.1 | 13.875595092773438 | 260623.7208527084
16.1 | 13.875595092773438 | 260623.73752104174
16.1 | 13.875595092773438 | 260623.75418937506
16.1 | 13.875595092773438 | 260623.77085770838
16.1 | 13.875595092773438 | 260623.78752604173
16.1 | 13.875595092773438 | 260623.80419437506
16.1 | 13.875595092773438 | 260623.82086270838
10.4 | 13.875595092773438 | 260623.83753104173
10.4 | 13.875595092773438 | 260623.85419937506
10.4 | 13.875595092773438 | 260623.87086770838
10.4 | 13.922470092773438 | 260623.89096612507
10.4 | 14.031845092773438 | 260623.9076425834
10.4 | 14.188095092773438 | 260623.92431904172
10.4 | 14.609970092773438 | 260623.94099550004
10.4 | 15.219345092773438 | 260623.9576719584
31.399999999999995 | 16.016220092773438 | 260623.97434841673
31.399999999999995 | 16.938095092773438 | 260623.99102487505
31.399999999999995 | 18.141220092773438 | 260624.00770133338
31.399999999999995 | 16.328720092773438 | 260624.02437779173
31.399999999999995 | 16.328720092773438 | 260624.04105425006
31.399999999999995 | 16.328720092773438 | 260624.0577307084
31.399999999999995 | 16.328720092773438 | 260624.0744071667
36.5 | 16.328720092773438 | 260624.09108362507
36.5 | 13.875595092773438 | 260624.1077600834
36.5 | 13.875595092773438 | 260624.12443654172
36.5 | 13.875595092773438 | 260624.14111300005
36.5 | 13.875595092773438 | 260624.1577894584
36.5 | 13.875595092773438 | 260624.17446591673
36.5 | 13.875595092773438 | 260624.19114237506
36.5 | 13.875595092773438 | 260624.20781883338
23.3 | 13.875595092773438 | 260624.2244952917
23.3 | 13.875595092773438 | 260624.24117175007
23.3 | 13.875595092773438 | 260624.2578482084
23.3 | 13.875595092773438 | 260624.27452466672
23.3 | 13.875595092773438 | 260624.29120112504
23.3 | 13.875595092773438 | 260624.3078775834
23.3 | 13.875595092773438 | 260624.32455404173
14.8 | 13.875595092773438 | 260624.34123050005
14.8 | 13.875595092773438 | 260624.35790695838
14.8 | 13.875595092773438 | 260624.37458341673
14.8 | 13.875595092773438 | 260624.39125987506
14.8 | 13.875595092773438 | 260624.4079363334
14.8 | 13.875595092773438 | 260624.4246127917
14.8 | 13.875595092773438 | 260624.44128925007
14.8 | 13.875595092773438 | 260624.4579657084
9.6 | 13.875595092773438 | 260624.47464216672
9.6 | 13.875595092773438 | 260624.49131862505
9.6 | 13.875595092773438 | 260624.5079950834
9.6 | 13.875595092773438 | 260624.52467154173
9.6 | 13.969345092773438 | 260624.54134800006
9.6 | 14.125595092773438 | 260624.55802445838
9.6 | 14.313095092773438 | 260624.5747009167
9.6 | 14.578720092773438 | 260624.59137737507
27.900000000000002 | 14.938095092773438 | 260624.6080538334
27.900000000000002 | 15.375595092773438 | 260624.62473029172
27.900000000000002 | 17.719345092773438 | 260624.64140675004
27.900000000000002 | 18.578720092773438 | 260624.6580832084
27.900000000000002 | 16.250595092773438 | 260624.67475966673
27.900000000000002 | 16.250595092773438 | 260624.69143612505
27.900000000000002 | 16.250595092773438 | 260624.70811258338
36.699999999999996 | 16.250595092773438 | 260624.72478904173
36.699999999999996 | 16.250595092773438 | 260624.74146550006
36.699999999999996 | 13.875595092773438 | 260624.7581419584
36.699999999999996 | 13.875595092773438 | 260624.7748184167
36.699999999999996 | 13.875595092773438 | 260624.79149487507
36.699999999999996 | 13.875595092773438 | 260624.8081713334
36.699999999999996 | 13.875595092773438 | 260624.82484779172
36.699999999999996 | 13.875595092773438 | 260624.84152425005
23.099999999999998 | 13.875595092773438 | 260624.8582007084
23.099999999999998 | 13.875595092773438 | 260624.87487716673
23.099999999999998 | 13.875595092773438 | 260624.89155362506
23.099999999999998 | 13.875595092773438 | 260624.90823008338
23.099999999999998 | 13.875595092773438 | 260624.9249065417
23.099999999999998 | 13.875595092773438 | 260624.94158300007
23.099999999999998 | 13.875595092773438 | 260624.9582594584
14.600000000000001 | 13.875595092773438 | 260624.97493591672
14.600000000000001 | 13.875595092773438 | 260624.99161237504
14.600000000000001 | 13.875595092773438 | 260625.0082888334
14.600000000000001 | 13.875595092773438 | 260625.02496529173
14.600000000000001 | 13.875595092773438 | 260625.04164175005
14.600000000000001 | 13.875595092773438 | 260625.05831820838
14.600000000000001 | 13.875595092773438 | 260625.07499466673
14.600000000000001 | 13.875595092773438 | 260625.09167112506
9.5 | 13.875595092773438 | 260625.1083475834
9.5 | 13.875595092773438 | 260625.1250240417
9.5 | 13.922470092773438 | 260625.14170050007
9.5 | 14.047470092773438 | 260625.1583769584
9.5 | 14.219345092773438 | 260625.17505341672
9.5 | 14.453720092773438 | 260625.19172987505
9.5 | 14.781845092773438 | 260625.2084063334
33.0 | 15.188095092773438 | 260625.22508279173
33.0 | 17.375595092773438 | 260625.24175925006
33.0 | 18.250595092773438 | 260625.25843570838
33.0 | 16.266220092773438 | 260625.2751121667
33.0 | 16.266220092773438 | 260625.29178862507
33.0 | 16.266220092773438 | 260625.3084650834
33.0 | 16.266220092773438 | 260625.32514154172
33.0 | 16.266220092773438 | 260625.34181800004
34.900000000000006 | 13.875595092773438 | 260625.3584944584
34.900000000000006 | 13.875595092773438 | 260625.37517091673
34.900000000000006 | 13.875595092773438 | 260625.39184737505
34.900000000000006 | 13.875595092773438 | 260625.40852383338
34.900000000000006 | 13.875595092773438 | 260625.42520029173
34.900000000000006 | 13.875595092773438 | 260625.44187675006
34.900000000000006 | 13.875595092773438 | 260625.4585532084
22.2 | 13.875595092773438 | 260625.4752296667
22.2 | 13.875595092773438 | 260625.49190612507
22.2 | 13.875595092773438 | 260625.5085825834
22.2 | 13.875595092773438 | 260625.52525904172
22.2 | 13.875595092773438 | 260625.54193550005
22.2 | 13.875595092773438 | 260625.5586119584
22.2 | 13.875595092773438 | 260625.57528841673
22.2 | 13.875595092773438 | 260625.59196487506
14.0 | 13.875595092773438 | 260625.60864133338
14.0 | 13.875595092773438 | 260625.6253177917
14.0 | 13.875595092773438 | 260625.64199425007
14.0 | 13.875595092773438 | 260625.6586707084
14.0 | 13.875595092773438 | 260625.67534716672
14.0 | 13.875595092773438 | 260625.69202362504
14.0 | 13.875595092773438 | 260625.7087000834
9.0 | 13.875595092773438 | 260625.72537654173
9.0 | 13.875595092773438 | 260625.74205300005
9.0 | 13.875595092773438 | 260625.75872945838
9.0 | 13.922470092773438 | 260625.77540591673
9.0 | 14.031845092773438 | 260625.79208237506
9.0 | 14.203720092773438 | 260625.8087588334
9.0 | 14.422470092773438 | 260625.8254352917
9.0 | 14.734970092773438 | 260625.84211175007
30.6 | 15.125595092773438 | 260625.8587882084
30.6 | 15.594345092773438 | 260625.87546466672
30.6 | 18.125595092773438 | 260625.89214112505
30.6 | 16.297470092773438 | 260625.9088175834
30.6 | 16.297470092773438 | 260625.92549404173
30.6 | 16.297470092773438 | 260625.94179550005
30.6 | 16.297470092773438 | 260625.9584689584
35.9 | 16.297470092773438 | 260625.97514241672
35.9 | 13.875595092773438 | 260625.99181587505
35.9 | 13.875595092773438 | 260626.00848933338
35.9 | 13.875595092773438 | 260626.02516279172
35.9 | 13.875595092773438 | 260626.04183625005
35.9 | 13.875595092773438 | 260626.05850970838
35.9 | 13.875595092773438 | 260626.07518316671
35.9 | 13.875595092773438 | 260626.09185662505
22.8 | 13.875595092773438 | 260626.10853008338
22.8 | 13.875595092773438 | 260626.12538212506
22.8 | 13.875595092773438 | 260626.14206929173
22.8 | 13.875595092773438 | 260626.1587564584
22.8 | 13.875595092773438 | 260626.17544362505
22.8 | 13.875595092773438 | 260626.19213079172
22.8 | 13.875595092773438 | 260626.2088179584
14.399999999999999 | 13.875595092773438 | 260626.22550512507
14.399999999999999 | 13.875595092773438 | 260626.2421922917
14.399999999999999 | 13.875595092773438 | 260626.2588794584
14.399999999999999 | 13.875595092773438 | 260626.27556662506
14.399999999999999 | 13.875595092773438 | 260626.29225379173
14.399999999999999 | 13.875595092773438 | 260626.30894095838
14.399999999999999 | 13.875595092773438 | 260626.32562812505
14.399999999999999 | 13.875595092773438 | 260626.34231529172
9.4 | 13.875595092773438 | 260626.3590024584
9.4 | 13.875595092773438 | 260626.37568962507
9.4 | 13.875595092773438 | 260626.39237679171
9.4 | 13.875595092773438 | 260626.4090639584
9.4 | 13.875595092773438 | 260626.42575112506
9.4 | 14.438095092773438 | 260626.44243829174
9.4 | 14.641220092773438 | 260626.45912545838
20.4 | 14.859970092773438 | 260626.47581262505
20.4 | 15.109970092773438 | 260626.49249979173
20.4 | 15.469345092773438 | 260626.5091869584
20.4 | 15.906845092773438 | 260626.52587412504
20.4 | 18.094345092773438 | 260626.54256129172
20.4 | 18.953720092773438 | 260626.5592484584
20.4 | 16.297470092773438 | 260626.57593562506
20.4 | 16.297470092773438 | 260626.59262279174
39.7 | 16.297470092773438 | 260626.60930995838
39.7 | 16.297470092773438 | 260626.62599712505
39.7 | 13.891220092773438 | 260626.64268429173
39.7 | 13.891220092773438 | 260626.6593714584
39.7 | 13.891220092773438 | 260626.67605862505
39.7 | 13.891220092773438 | 260626.69274579172
39.7 | 13.891220092773438 | 260626.7094329584
25.1 | 13.891220092773438 | 260626.72612012507
25.1 | 13.891220092773438 | 260626.7428072917
25.1 | 13.891220092773438 | 260626.75949445838
25.1 | 13.891220092773438 | 260626.77618162506
25.1 | 13.891220092773438 | 260626.79286879173
25.1 | 13.891220092773438 | 260626.8095559584
25.1 | 13.891220092773438 | 260626.82624312505
25.1 | 13.891220092773438 | 260626.84293029172
15.699999999999998 | 13.891220092773438 | 260626.8596174584
15.699999999999998 | 13.891220092773438 | 260626.87630462507
15.699999999999998 | 13.891220092773438 | 260626.8929917917
15.699999999999998 | 13.891220092773438 | 260626.9096789584
15.699999999999998 | 13.891220092773438 | 260626.92636612506
15.699999999999998 | 13.891220092773438 | 260626.94305329173
15.699999999999998 | 13.891220092773438 | 260626.95974045838
10.2 | 13.891220092773438 | 260626.97642762505
10.2 | 13.891220092773438 | 260626.99311479172
10.2 | 13.891220092773438 | 260627.0098019584
10.2 | 13.891220092773438 | 260627.02648912507
10.2 | 13.891220092773438 | 260627.0431762917
10.2 | 13.938095092773438 | 260627.0598634584
10.2 | 14.000595092773438 | 260627.07655062506
10.2 | 14.172470092773438 | 260627.09323779173
22.0 | 14.422470092773438 | 260627.10992495838
22.0 | 14.703720092773438 | 260627.12661212505
22.0 | 15.094345092773438 | 260627.14329929173
22.0 | 15.547470092773438 | 260627.1599864584
22.0 | 17.922470092773438 | 260627.17667362504
22.0 | 18.781845092773438 | 260627.19336079172
22.0 | 16.328720092773438 | 260627.2100479584
40.199999999999996 | 16.328720092773438 | 260627.22673512506
40.199999999999996 | 16.328720092773438 | 260627.24342229174
40.199999999999996 | 16.328720092773438 | 260627.26010945838
40.199999999999996 | 16.328720092773438 | 260627.27679662505
40.199999999999996 | 13.922470092773438 | 260627.29348379173
40.199999999999996 | 13.922470092773438 | 260627.3101709584
40.199999999999996 | 13.922470092773438 | 260627.32685812504
40.199999999999996 | 13.922470092773438 | 260627.34354529172
25.5 | 13.922470092773438 | 260627.3602324584
25.5 | 13.922470092773438 | 260627.37691962507
25.5 | 13.922470092773438 | 260627.3936067917
25.5 | 13.922470092773438 | 260627.41029395838
25.5 | 13.922470092773438 | 260627.42698112506
25.5 | 13.922470092773438 | 260627.44366829173
25.5 | 13.922470092773438 | 260627.4603554584
15.999999999999998 | 13.922470092773438 | 260627.47704262505
15.999999999999998 | 13.922470092773438 | 260627.49372979172
15.999999999999998 | 13.922470092773438 | 260627.5104169584
15.999999999999998 | 13.922470092773438 | 260627.52710412507
15.999999999999998 | 13.922470092773438 | 260627.5437912917
15.999999999999998 | 13.922470092773438 | 260627.56047845838
15.999999999999998 | 13.922470092773438 | 260627.57716562506
15.999999999999998 | 13.922470092773438 | 260627.59385279173
10.299999999999999 | 13.922470092773438 | 260627.6105399584
10.299999999999999 | 13.922470092773438 | 260627.62722712505
10.299999999999999 | 13.922470092773438 | 260627.64391429172
10.299999999999999 | 13.922470092773438 | 260627.6606014584
10.299999999999999 | 13.922470092773438 | 260627.67728862507
10.299999999999999 | 13.969345092773438 | 260627.6939757917
10.299999999999999 | 14.188095092773438 | 260627.7106629584
18.2 | 14.359970092773438 | 260627.72735012506
18.2 | 14.578720092773438 | 260627.74403729173
18.2 | 14.875595092773438 | 260627.76072445838
18.2 | 15.266220092773438 | 260627.77741162505
18.2 | 15.734970092773438 | 260627.79409879172
18.2 | 18.172470092773438 | 260627.8107859584
18.2 | 16.344345092773438 | 260627.82747312507
18.2 | 16.344345092773438 | 260627.84416029172
40.8 | 16.344345092773438 | 260627.8608474584
40.8 | 16.344345092773438 | 260627.87753462506
40.8 | 16.344345092773438 | 260627.89422179174
40.8 | 13.922470092773438 | 260627.91090895838
40.8 | 13.922470092773438 | 260627.92759612505
40.8 | 13.922470092773438 | 260627.94428329173
40.8 | 13.922470092773438 | 260627.9609704584
25.799999999999997 | 13.922470092773438 | 260627.97765762504
25.799999999999997 | 13.922470092773438 | 260627.99434479172
25.799999999999997 | 13.922470092773438 | 260628.0110319584
25.799999999999997 | 13.922470092773438 | 260628.02771912506
25.799999999999997 | 13.922470092773438 | 260628.04440629174
25.799999999999997 | 13.922470092773438 | 260628.06109345838
25.799999999999997 | 13.922470092773438 | 260628.07778062506
25.799999999999997 | 13.922470092773438 | 260628.09446779173
16.1 | 13.922470092773438 | 260628.1111549584
16.1 | 13.922470092773438 | 260628.12784212505
16.1 | 13.922470092773438 | 260628.14452929172
16.1 | 13.922470092773438 | 260628.1612164584
16.1 | 13.922470092773438 | 260628.17790362507
16.1 | 13.922470092773438 | 260628.1945907917
16.1 | 13.922470092773438 | 260628.21127795838
10.4 | 13.922470092773438 | 260628.22796512506
10.4 | 13.922470092773438 | 260628.24465229173
10.4 | 13.922470092773438 | 260628.2613394584
10.4 | 13.922470092773438 | 260628.27802662505
10.4 | 14.000595092773438 | 260628.29471379172
10.4 | 14.156845092773438 | 260628.3114009584
10.4 | 14.328720092773438 | 260628.32808812507
10.4 | 14.594345092773438 | 260628.3447752917
29.6 | 14.953720092773438 | 260628.3614624584
29.6 | 15.391220092773438 | 260628.37814962506
29.6 | 17.719345092773438 | 260628.39483679173
29.6 | 18.563095092773438 | 260628.41152395838
29.6 | 16.297470092773438 | 260628.42821112505
29.6 | 16.297470092773438 | 260628.44489829172
29.6 | 16.297470092773438 | 260628.4615854584
36.699999999999996 | 16.297470092773438 | 260628.47827262507
36.699999999999996 | 13.922470092773438 | 260628.49495979171
36.699999999999996 | 13.922470092773438 | 260628.5116469584
36.699999999999996 | 13.922470092773438 | 260628.52833412506
36.699999999999996 | 13.938095092773438 | 260628.54502129173
36.699999999999996 | 13.938095092773438 | 260628.56170845838
36.699999999999996 | 13.938095092773438 | 260628.57839562505
36.699999999999996 | 13.938095092773438 | 260628.59508279173
23.200000000000003 | 13.938095092773438 | 260628.6117699584
23.200000000000003 | 13.938095092773438 | 260628.62845712504
23.200000000000003 | 13.938095092773438 | 260628.64514429172
23.200000000000003 | 13.938095092773438 | 260628.6618314584
23.200000000000003 | 13.938095092773438 | 260628.67851862506
23.200000000000003 | 13.938095092773438 | 260628.69520579174
23.200000000000003 | 13.938095092773438 | 260628.71189295838
14.6 | 13.938095092773438 | 260628.72858012505
14.6 | 13.938095092773438 | 260628.74526729173
14.6 | 13.938095092773438 | 260628.7619544584
14.6 | 13.938095092773438 | 260628.77864162505
14.6 | 13.938095092773438 | 260628.79532879172
14.6 | 13.938095092773438 | 260628.8120159584
14.6 | 13.938095092773438 | 260628.82870312507
14.6 | 13.938095092773438 | 260628.8453902917
9.6 | 13.938095092773438 | 260628.86207745838
9.6 | 13.938095092773438 | 260628.87876462506
9.6 | 13.984970092773438 | 260628.89545179173
9.6 | 14.031845092773438 | 260628.9121389584
9.6 | 14.188095092773438 | 260628.92882612505
9.6 | 14.375595092773438 | 260628.94551329172
9.6 | 14.656845092773438 | 260628.9622004584
9.6 | 15.016220092773438 | 260628.97888762507
32.099999999999994 | 15.469345092773438 | 260628.9955747917
32.099999999999994 | 17.844345092773438 | 260629.01226195839
32.099999999999994 | 18.688095092773438 | 260629.02894912506
32.099999999999994 | 16.313095092773438 | 260629.04563629173
32.099999999999994 | 16.313095092773438 | 260629.06232345838
32.099999999999994 | 16.313095092773438 | 260629.07901062505
32.099999999999994 | 16.313095092773438 | 260629.09569779172
35.0 | 13.938095092773438 | 260629.1123849584
35.0 | 13.938095092773438 | 260629.12907212507
35.0 | 13.938095092773438 | 260629.1457592917
35.0 | 13.938095092773438 | 260629.1624464584
35.0 | 13.938095092773438 | 260629.17913362506
35.0 | 13.938095092773438 | 260629.19582079173
35.0 | 13.938095092773438 | 260629.21250795838
35.0 | 13.938095092773438 | 260629.22919512505
21.9 | 13.938095092773438 | 260629.24588229173
21.9 | 13.938095092773438 | 260629.2625694584
21.9 | 13.938095092773438 | 260629.27925662504
21.9 | 13.938095092773438 | 260629.29594379172
21.9 | 13.938095092773438 | 260629.3126309584
21.9 | 13.938095092773438 | 260629.32931812506
21.9 | 13.938095092773438 | 260629.34600529174
13.9 | 13.938095092773438 | 260629.36269245838
13.9 | 13.938095092773438 | 260629.37937962505
13.9 | 13.938095092773438 | 260629.39606679173
13.9 | 13.938095092773438 | 260629.4127539584
13.9 | 13.938095092773438 | 260629.42944112504
13.9 | 13.938095092773438 | 260629.44612829172
13.9 | 13.938095092773438 | 260629.4628154584
13.9 | 13.938095092773438 | 260629.47950262506
9.2 | 13.938095092773438 | 260629.49618979174
9.2 | 13.938095092773438 | 260629.51287695838
9.2 | 14.000595092773438 | 260629.52956412506
9.2 | 14.063095092773438 | 260629.54625129173
9.2 | 14.234970092773438 | 260629.5629384584
9.2 | 14.438095092773438 | 260629.57962562505
9.2 | 14.734970092773438 | 260629.59631279172
32.199999999999996 | 15.125595092773438 | 260629.6129999584
32.199999999999996 | 15.578720092773438 | 260629.62968712507
32.199999999999996 | 18.078720092773438 | 260629.6463742917
32.199999999999996 | 16.391220092773438 | 260629.66306145838
32.199999999999996 | 16.391220092773438 | 260629.67974862506
32.199999999999996 | 16.391220092773438 | 260629.69643579173
32.199999999999996 | 16.391220092773438 | 260629.7131229584
32.199999999999996 | 16.391220092773438 | 260629.72981012505
35.0 | 16.391220092773438 | 260629.74649729172
35.0 | 16.391220092773438 | 260629.7631844584
35.0 | 13.953720092773438 | 260629.77987162507
35.0 | 13.953720092773438 | 260629.7965587917
35.0 | 13.953720092773438 | 260629.8132459584
35.0 | 13.953720092773438 | 260629.82993312506
35.0 | 13.953720092773438 | 260629.84662029173
22.299999999999997 | 13.953720092773438 | 260629.86330745838
22.299999999999997 | 13.953720092773438 | 260629.87999462505
22.299999999999997 | 13.953720092773438 | 260629.89668179172
22.299999999999997 | 13.953720092773438 | 260629.9133689584
22.299999999999997 | 13.953720092773438 | 260629.93005612507
22.299999999999997 | 13.953720092773438 | 260629.94674329172
22.299999999999997 | 13.953720092773438 | 260629.9634304584
22.299999999999997 | 13.953720092773438 | 260629.98011762506
14.1 | 13.953720092773438 | 260629.99680479174
14.1 | 13.953720092773438 | 260630.01349195838
14.1 | 13.953720092773438 | 260630.03017912505
14.1 | 13.953720092773438 | 260630.04686629173
14.1 | 13.953720092773438 | 260630.0635534584
14.1 | 13.953720092773438 | 260630.08024062504
14.1 | 13.953720092773438 | 260630.09692779172
9.1 | 13.953720092773438 | 260630.1136149584
9.1 | 13.953720092773438 | 260630.13030212506
9.1 | 13.953720092773438 | 260630.14698929174
9.1 | 13.953720092773438 | 260630.16367645838
9.1 | 13.953720092773438 | 260630.18036362506
9.1 | 14.000595092773438 | 260630.19705079173
9.1 | 14.109970092773438 | 260630.2137379584
9.1 | 14.281845092773438 | 260630.23042512505
21.1 | 14.484970092773438 | 260630.24711229172
21.1 | 14.781845092773438 | 260630.2637994584
21.1 | 15.188095092773438 | 260630.28048662507
21.1 | 15.641220092773438 | 260630.2971737917
21.1 | 18.172470092773438 | 260630.31386095838
21.1 | 16.422470092773438 | 260630.33054812506
21.1 | 16.422470092773438 | 260630.34723529173
39.7 | 16.422470092773438 | 260630.3639224584
39.7 | 16.422470092773438 | 260630.38060962505
39.7 | 16.422470092773438 | 260630.39729679172