
--- NEW BENCHMARK RUN ---

CPU | FPS | Dropped | Memory (MB) | Timestamp
---
0.2 | 1 | 0 | 55.56309509277344 | 308744.7790152917
22.3 | 2 | 0 | 103.64128875732422 | 308744.79569304176
22.3 | 3 | 3 | 112.70378875732422 | 308744.8772362917
22.3 | 4 | 0 | 112.87566375732422 | 308744.8958939167
22.3 | 5 | 0 | 114.11003875732422 | 308744.91257204174
48.2 | 6 | 0 | 114.48503875732422 | 308744.92925016675
48.2 | 7 | 0 | 114.48503875732422 | 308744.9459282917
48.2 | 8 | 0 | 115.42253875732422 | 308744.9626064167
48.2 | 9 | 0 | 115.34441375732422 | 308744.97928454174
48.2 | 10 | 0 | 115.95378875732422 | 308744.9960995834
48.2 | 11 | 0 | 116.40691375732422 | 308745.0127780417
48.2 | 12 | 0 | 116.40691375732422 | 308745.0294565001
48.2 | 13 | 0 | 116.14128875732422 | 308745.0461349584
59.10000000000001 | 14 | 0 | 116.12566375732422 | 308745.0628134167
59.10000000000001 | 15 | 0 | 116.12566375732422 | 308745.0794918751
59.10000000000001 | 16 | 0 | 116.12566375732422 | 308745.0961703334
59.10000000000001 | 17 | 0 | 116.12566375732422 | 308745.11284879176
59.10000000000001 | 18 | 0 | 116.56316375732422 | 308745.1295272501
59.10000000000001 | 19 | 0 | 116.56316375732422 | 308745.1462057084
59.10000000000001 | 20 | 0 | 116.67253875732422 | 308745.1630154584
70.80000000000001 | 21 | 0 | 116.67253875732422 | 308745.1796942917
70.80000000000001 | 22 | 0 | 116.67253875732422 | 308745.1963731251
70.80000000000001 | 23 | 0 | 116.71941375732422 | 308745.2130519584
70.80000000000001 | 24 | 0 | 116.67253875732422 | 308745.22973079176
70.80000000000001 | 25 | 0 | 116.57878875732422 | 308745.24640962505
70.80000000000001 | 26 | 1 | 116.57878875732422 | 308745.29023979174
68.89999999999999 | 27 | 0 | 116.57878875732422 | 308745.3132600834
68.89999999999999 | 28 | 0 | 116.57878875732422 | 308745.32993929175
68.89999999999999 | 29 | 0 | 116.61003875732422 | 308745.3466185001
68.89999999999999 | 30 | 1 | 116.57878875732422 | 308745.3799769167
68.89999999999999 | 31 | 0 | 116.57878875732422 | 308745.3966561251
68.89999999999999 | 32 | 0 | 116.59441375732422 | 308745.4133353334
76.79999999999998 | 33 | 0 | 116.59441375732422 | 308745.4301494584
76.79999999999998 | 34 | 0 | 116.59441375732422 | 308745.44682904176
76.79999999999998 | 35 | 0 | 116.84441375732422 | 308745.46350862505
76.79999999999998 | 36 | 0 | 116.84441375732422 | 308745.4801882084
76.79999999999998 | 37 | 0 | 116.84441375732422 | 308745.49686779175
76.79999999999998 | 38 | 0 | 116.84441375732422 | 308745.51354737504
76.79999999999998 | 39 | 0 | 116.84441375732422 | 308745.5302269584
76.79999999999998 | 40 | 0 | 116.57878875732422 | 308745.54690654174
77.2 | 41 | 0 | 116.57878875732422 | 308745.5635861251
77.2 | 42 | 0 | 116.57878875732422 | 308745.5802657084
77.2 | 43 | 0 | 116.57878875732422 | 308745.59694529173
77.2 | 44 | 0 | 116.57878875732422 | 308745.6136248751
77.2 | 45 | 0 | 116.78191375732422 | 308745.63043758343
77.2 | 46 | 0 | 116.78191375732422 | 308745.6471177084
77.2 | 47 | 0 | 116.87566375732422 | 308745.6637978334
82.29999999999997 | 48 | 0 | 116.87566375732422 | 308745.6804779584
82.29999999999997 | 49 | 0 | 116.87566375732422 | 308745.6971580834
82.29999999999997 | 50 | 0 | 116.87566375732422 | 308745.7138382084
82.29999999999997 | 51 | 0 | 116.87566375732422 | 308745.7305183334
82.29999999999997 | 52 | 0 | 116.68816375732422 | 308745.7471984584
82.29999999999997 | 52 | 1 | 116.68816375732422 | 308745.7805587084
82.29999999999997 | 52 | 0 | 116.68816375732422 | 308745.7972388334
81.3 | 53 | 0 | 116.56316375732422 | 308745.8140647084
81.3 | 54 | 1 | 116.56316375732422 | 308745.8474258751
81.3 | 55 | 0 | 116.56316375732422 | 308745.8641064584
81.3 | 55 | 0 | 116.71941375732422 | 308745.88078704174
81.3 | 54 | 1 | 116.78191375732422 | 308745.9141482084
83.8 | 54 | 0 | 116.78191375732422 | 308745.93082879175
83.8 | 54 | 0 | 116.79753875732422 | 308745.94750937505
83.8 | 54 | 0 | 116.79753875732422 | 308745.9643460834
83.8 | 54 | 0 | 116.79753875732422 | 308745.9810270834
83.8 | 54 | 0 | 116.92253875732422 | 308745.9977080834
83.8 | 54 | 0 | 116.92253875732422 | 308746.01438908343
83.8 | 54 | 0 | 116.92253875732422 | 308746.0310700834
83.8 | 54 | 0 | 116.92253875732422 | 308746.0477510834
83.8 | 54 | 0 | 116.92253875732422 | 308746.0644320834
83.3 | 54 | 0 | 116.84441375732422 | 308746.0811130834
83.3 | 54 | 0 | 116.84441375732422 | 308746.0977940834
83.3 | 54 | 0 | 116.86003875732422 | 308746.1144750834
83.3 | 54 | 0 | 116.86003875732422 | 308746.13115608343
83.3 | 54 | 0 | 116.86003875732422 | 308746.1479824584
83.3 | 54 | 0 | 116.89128875732422 | 308746.16466391674
82.49999999999997 | 54 | 0 | 116.89128875732422 | 308746.1813453751
82.49999999999997 | 54 | 0 | 116.82878875732422 | 308746.1980268334
82.49999999999997 | 53 | 1 | 116.84441375732422 | 308746.2313897501
82.49999999999997 | 53 | 0 | 116.84441375732422 | 308746.2480712084
82.49999999999997 | 54 | 0 | 116.65691375732422 | 308746.26475266676
82.49999999999997 | 54 | 1 | 116.65691375732422 | 308746.2981155834
83.8 | 54 | 0 | 116.65691375732422 | 308746.31479704176
83.8 | 54 | 0 | 116.86003875732422 | 308746.33147850004
83.8 | 54 | 0 | 116.86003875732422 | 308746.3483172501
83.8 | 55 | 0 | 116.86003875732422 | 308746.36499916675
83.8 | 55 | 0 | 116.92253875732422 | 308746.3816810834
83.8 | 55 | 0 | 115.51628875732422 | 308746.3983630001
83.8 | 55 | 0 | 115.53191375732422 | 308746.41504491674
86.30000000000001 | 55 | 0 | 115.53191375732422 | 308746.4317268334
86.30000000000001 | 55 | 0 | 115.53191375732422 | 308746.44840875006
86.30000000000001 | 55 | 0 | 115.53191375732422 | 308746.4650906667
86.30000000000001 | 55 | 0 | 115.53191375732422 | 308746.4817725834
86.30000000000001 | 55 | 0 | 115.53191375732422 | 308746.49845450005
86.30000000000001 | 55 | 0 | 115.53191375732422 | 308746.5151364167
86.30000000000001 | 55 | 0 | 115.53191375732422 | 308746.5318183334
86.30000000000001 | 55 | 0 | 115.26628875732422 | 308746.5485002501
83.4 | 55 | 0 | 115.26628875732422 | 308746.56518216676
83.4 | 55 | 0 | 115.26628875732422 | 308746.5818640834
83.4 | 55 | 0 | 115.26628875732422 | 308746.5985460001
83.4 | 55 | 0 | 115.26628875732422 | 308746.61522791674
83.4 | 55 | 0 | 115.28191375732422 | 308746.6319098334
83.4 | 55 | 0 | 115.28191375732422 | 308746.64859175007
83.4 | 55 | 0 | 115.28191375732422 | 308746.66527366673
85.1 | 55 | 0 | 116.68816375732422 | 308746.6819555834
85.1 | 55 | 0 | 116.68816375732422 | 308746.69863750006
85.1 | 55 | 0 | 117.46941375732422 | 308746.7153194167
85.1 | 55 | 0 | 117.46941375732422 | 308746.7320013334
85.1 | 55 | 0 | 117.21941375732422 | 308746.74868325004
85.1 | 55 | 1 | 117.21941375732422 | 308746.7820470834
85.1 | 55 | 0 | 117.21941375732422 | 308746.7987290001
84.2 | 55 | 0 | 117.40691375732422 | 308746.81541091675
84.2 | 56 | 0 | 117.40691375732422 | 308746.8320928334
84.2 | 56 | 0 | 117.40691375732422 | 308746.8487747501
84.2 | 56 | 0 | 117.45378875732422 | 308746.86545666674
84.2 | 56 | 0 | 117.45378875732422 | 308746.8821385834
84.2 | 57 | 0 | 117.45378875732422 | 308746.89882050006
80.8 | 57 | 0 | 117.37566375732422 | 308746.9155024167
80.8 | 57 | 0 | 117.37566375732422 | 308746.9321843334
79.7 | 57 | 0 | 117.31316375732422 | 308746.94886625005
79.7 | 57 | 0 | 117.31316375732422 | 308746.9655481667
79.7 | 57 | 0 | 117.31316375732422 | 308746.9822300834
79.7 | 57 | 0 | 117.31316375732422 | 308746.99891200004
79.7 | 57 | 0 | 117.31316375732422 | 308747.01559391676
79.7 | 57 | 0 | 117.31316375732422 | 308747.0322758334
79.7 | 57 | 0 | 117.31316375732422 | 308747.0489577501
81.5 | 57 | 0 | 117.31316375732422 | 308747.06563966675
81.5 | 57 | 0 | 117.31316375732422 | 308747.0823215834
81.5 | 57 | 0 | 117.31316375732422 | 308747.0990035001
81.5 | 57 | 0 | 117.31316375732422 | 308747.11568541673
81.5 | 57 | 0 | 117.31316375732422 | 308747.1323673334
81.5 | 57 | 0 | 117.37566375732422 | 308747.14904925006
81.5 | 57 | 0 | 117.37566375732422 | 308747.1655822917
81.5 | 57 | 0 | 117.37566375732422 | 308747.1822635834
79.5 | 57 | 0 | 117.37566375732422 | 308747.19894487504
79.5 | 58 | 0 | 117.37566375732422 | 308747.2156261667
79.5 | 58 | 0 | 117.12566375732422 | 308747.2323074584
79.5 | 57 | 0 | 117.12566375732422 | 308747.2655256667
79.5 | 58 | 0 | 117.12566375732422 | 308747.28220650007
79.5 | 58 | 0 | 117.21941375732422 | 308747.2988873334
84.09999999999998 | 58 | 0 | 117.23503875732422 | 308747.3155681667
84.09999999999998 | 58 | 0 | 117.23503875732422 | 308747.3322490001
84.09999999999998 | 58 | 0 | 117.34441375732422 | 308747.3489298334
84.09999999999998 | 58 | 0 | 117.36003875732422 | 308747.36561066675
84.09999999999998 | 58 | 0 | 117.11003875732422 | 308747.38229150005
84.09999999999998 | 58 | 0 | 117.11003875732422 | 308747.3989723334
84.09999999999998 | 58 | 0 | 117.11003875732422 | 308747.4156531667
84.09999999999998 | 58 | 0 | 117.11003875732422 | 308747.43233400007
79.7 | 58 | 0 | 117.11003875732422 | 308747.44901483343
79.7 | 58 | 0 | 117.17253875732422 | 308747.46569566673
79.7 | 58 | 0 | 117.17253875732422 | 308747.4823765001
79.7 | 58 | 0 | 117.17253875732422 | 308747.4990573334
79.7 | 58 | 0 | 117.20378875732422 | 308747.51573816675
79.7 | 58 | 0 | 117.20378875732422 | 308747.53241900005
79.7 | 58 | 0 | 117.20378875732422 | 308747.5490998334
83.3 | 58 | 0 | 117.20378875732422 | 308747.5657806667
83.3 | 58 | 0 | 117.20378875732422 | 308747.5824615001
83.3 | 58 | 0 | 117.31316375732422 | 308747.5991423334
83.3 | 58 | 0 | 117.31316375732422 | 308747.61582316674
83.3 | 58 | 0 | 117.42253875732422 | 308747.6325040001
83.3 | 58 | 0 | 117.42253875732422 | 308747.6491848334
83.3 | 58 | 0 | 117.42253875732422 | 308747.66586566676
83.3 | 58 | 0 | 117.43816375732422 | 308747.68254650006
80.60000000000001 | 58 | 0 | 117.43816375732422 | 308747.6992273334
80.60000000000001 | 58 | 0 | 117.37566375732422 | 308747.7159081667
80.60000000000001 | 57 | 1 | 117.37566375732422 | 308747.7492698334
80.60000000000001 | 58 | 0 | 117.37566375732422 | 308747.76595066674
80.60000000000001 | 58 | 0 | 117.37566375732422 | 308747.78263150004
86.4 | 57 | 1 | 117.37566375732422 | 308747.81599316676
86.4 | 57 | 0 | 117.37566375732422 | 308747.83267400006
86.4 | 57 | 0 | 117.37566375732422 | 308747.8493548334
86.4 | 56 | 1 | 117.37566375732422 | 308747.8827165001
86.4 | 56 | 0 | 117.37566375732422 | 308747.8993973334
86.4 | 56 | 0 | 117.37566375732422 | 308747.91607816675
86.4 | 56 | 0 | 117.37566375732422 | 308747.93275900005
86.4 | 56 | 0 | 117.37566375732422 | 308747.9494398334
85.50000000000001 | 56 | 0 | 117.12566375732422 | 308747.9661206667
85.50000000000001 | 56 | 0 | 117.12566375732422 | 308747.98280150007
85.50000000000001 | 56 | 0 | 117.17253875732422 | 308747.9994823334
85.50000000000001 | 56 | 0 | 117.34441375732422 | 308748.0161631667
85.50000000000001 | 56 | 0 | 117.34441375732422 | 308748.03271262505
85.50000000000001 | 56 | 0 | 117.54753875732422 | 308748.04939287505
83.89999999999998 | 56 | 0 | 117.56316375732422 | 308748.06607312505
83.89999999999998 | 56 | 0 | 117.71941375732422 | 308748.08275337506
83.89999999999998 | 55 | 1 | 117.71941375732422 | 308748.11611387506
83.89999999999998 | 55 | 0 | 117.71941375732422 | 308748.13279412506
83.89999999999998 | 55 | 0 | 117.76628875732422 | 308748.14947437507
83.89999999999998 | 54 | 1 | 117.76628875732422 | 308748.1828348751
84.9 | 54 | 0 | 117.76628875732422 | 308748.1995151251
84.9 | 54 | 0 | 117.76628875732422 | 308748.2161953751
84.9 | 54 | 1 | 117.93816375732422 | 308748.2495558751
84.9 | 54 | 0 | 117.93816375732422 | 308748.2662361251
84.9 | 54 | 0 | 117.93816375732422 | 308748.2829163751
84.9 | 54 | 0 | 117.93816375732422 | 308748.2995966251
84.9 | 54 | 0 | 117.93816375732422 | 308748.3162768751
85.4 | 54 | 0 | 117.86003875732422 | 308748.3329571251
85.4 | 54 | 0 | 117.86003875732422 | 308748.3496373751
85.4 | 54 | 0 | 117.86003875732422 | 308748.36631762504
85.4 | 53 | 1 | 115.67253875732422 | 308748.40961175004
85.4 | 52 | 0 | 115.56316375732422 | 308748.43303862505
83.99999999999999 | 52 | 0 | 118.64128875732422 | 308748.44971887505
83.99999999999999 | 52 | 0 | 121.07878875732422 | 308748.46639912506
83.99999999999999 | 52 | 0 | 121.07878875732422 | 308748.48307937506
83.99999999999999 | 52 | 0 | 121.29753875732422 | 308748.49975962506
83.99999999999999 | 51 | 1 | 121.40691375732422 | 308748.53312012507
83.99999999999999 | 51 | 0 | 121.40691375732422 | 308748.54980037507
85.4 | 51 | 0 | 121.40691375732422 | 308748.5664806251
85.4 | 51 | 0 | 121.42253875732422 | 308748.5831608751
85.4 | 51 | 0 | 121.42253875732422 | 308748.5998411251
85.4 | 51 | 0 | 121.29753875732422 | 308748.6165213751
85.4 | 51 | 0 | 121.29753875732422 | 308748.6332016251
85.4 | 51 | 0 | 121.28191375732422 | 308748.6498818751
85.4 | 50 | 1 | 121.28191375732422 | 308748.69347304176
79.29999999999998 | 49 | 0 | 121.03191375732422 | 308748.7166028751
79.29999999999998 | 50 | 0 | 121.26628875732422 | 308748.73328312504
79.29999999999998 | 50 | 0 | 121.98503875732422 | 308748.74996337504
79.29999999999998 | 50 | 0 | 121.98503875732422 | 308748.76664362504
79.29999999999998 | 50 | 0 | 122.17253875732422 | 308748.78347525006
79.29999999999998 | 50 | 1 | 122.21941375732422 | 308748.8168365001
85.0 | 50 | 0 | 122.21941375732422 | 308748.83351712505
85.0 | 50 | 0 | 122.21941375732422 | 308748.8501977501
85.0 | 51 | 0 | 122.21941375732422 | 308748.86687837506
85.0 | 51 | 0 | 122.21941375732422 | 308748.8835590001
85.0 | 51 | 0 | 122.15691375732422 | 308748.9002396251
85.0 | 51 | 0 | 122.15691375732422 | 308748.91692025005
84.2 | 51 | 0 | 122.15691375732422 | 308748.9337362084
84.2 | 51 | 0 | 122.15691375732422 | 308748.9504172084
84.2 | 51 | 0 | 122.15691375732422 | 308748.9670982084
84.2 | 51 | 0 | 121.92253875732422 | 308748.9837792084
84.2 | 51 | 0 | 121.92253875732422 | 308749.0004602084
84.2 | 51 | 0 | 121.92253875732422 | 308749.0171412084
84.2 | 51 | 0 | 121.92253875732422 | 308749.0338222084
84.2 | 51 | 0 | 121.92253875732422 | 308749.0505032084
84.00000000000001 | 51 | 0 | 121.98503875732422 | 308749.0671842084
84.00000000000001 | 51 | 0 | 121.98503875732422 | 308749.0838652084
84.00000000000001 | 52 | 0 | 121.98503875732422 | 308749.1006804584
84.00000000000001 | 52 | 0 | 121.98503875732422 | 308749.1173618334
84.00000000000001 | 52 | 0 | 121.98503875732422 | 308749.1340432084
84.00000000000001 | 52 | 0 | 121.93816375732422 | 308749.1507245834
84.00000000000001 | 53 | 0 | 121.93816375732422 | 308749.1674059584
84.00000000000001 | 53 | 0 | 121.93816375732422 | 308749.1840873334
83.1 | 53 | 0 | 121.93816375732422 | 308749.2007687084
83.1 | 53 | 0 | 121.93816375732422 | 308749.2174500834
83.1 | 54 | 0 | 121.93816375732422 | 308749.2341314584
83.1 | 54 | 0 | 121.95378875732422 | 308749.2508128334
83.1 | 54 | 0 | 121.89128875732422 | 308749.26763266674
83.1 | 54 | 0 | 121.89128875732422 | 308749.2843144584
83.1 | 54 | 0 | 121.89128875732422 | 308749.30099625007
81.89999999999999 | 54 | 0 | 121.89128875732422 | 308749.31767804176
81.89999999999999 | 54 | 0 | 121.89128875732422 | 308749.3343598334
81.89999999999999 | 54 | 0 | 121.92253875732422 | 308749.3510416251
81.89999999999999 | 54 | 1 | 121.92253875732422 | 308749.3844052084
81.89999999999999 | 55 | 0 | 121.92253875732422 | 308749.4010870001
81.89999999999999 | 55 | 0 | 122.03191375732422 | 308749.4177687917
86.19999999999999 | 54 | 1 | 122.15691375732422 | 308749.45113237505
86.19999999999999 | 54 | 0 | 122.15691375732422 | 308749.46781416674
86.19999999999999 | 54 | 0 | 122.15691375732422 | 308749.48449595843
86.19999999999999 | 54 | 0 | 122.15691375732422 | 308749.50117775006
86.19999999999999 | 55 | 0 | 122.15691375732422 | 308749.51785954175
86.19999999999999 | 55 | 0 | 121.98503875732422 | 308749.5345413334
86.19999999999999 | 55 | 0 | 121.98503875732422 | 308749.5512231251
82.60000000000001 | 55 | 0 | 121.98503875732422 | 308749.5679049167
82.60000000000001 | 55 | 0 | 121.98503875732422 | 308749.5844490001
82.60000000000001 | 55 | 0 | 121.98503875732422 | 308749.60113041673
82.60000000000001 | 55 | 0 | 122.04753875732422 | 308749.6178118334
82.60000000000001 | 55 | 0 | 122.04753875732422 | 308749.63449325005
82.60000000000001 | 55 | 0 | 122.04753875732422 | 308749.6511746667
82.60000000000001 | 56 | 0 | 122.04753875732422 | 308749.6678560834
82.60000000000001 | 57 | 0 | 122.04753875732422 | 308749.6845375001
80.19999999999999 | 57 | 0 | 122.04753875732422 | 308749.7010672084
80.19999999999999 | 57 | 0 | 122.04753875732422 | 308749.7177481251
80.19999999999999 | 57 | 0 | 121.92253875732422 | 308749.73442904174
80.19999999999999 | 57 | 0 | 121.92253875732422 | 308749.7511099584
80.19999999999999 | 57 | 0 | 121.92253875732422 | 308749.76779087505
80.19999999999999 | 57 | 0 | 121.92253875732422 | 308749.78447179176
80.19999999999999 | 58 | 0 | 121.92253875732422 | 308749.8011527084
82.6 | 58 | 0 | 121.67253875732422 | 308749.8178336251
82.6 | 57 | 1 | 121.67253875732422 | 308749.8511954584
82.6 | 57 | 0 | 121.67253875732422 | 308749.8678763751
82.6 | 57 | 0 | 121.93816375732422 | 308749.88455729175
82.6 | 56 | 0 | 121.96941375732422 | 308749.9177598334
82.6 | 56 | 0 | 121.96941375732422 | 308749.9344402917
82.99999999999997 | 56 | 0 | 121.98503875732422 | 308749.95112075005
82.99999999999997 | 56 | 0 | 121.98503875732422 | 308749.9678012084
82.99999999999997 | 56 | 0 | 121.98503875732422 | 308749.98448166676
82.99999999999997 | 56 | 0 | 122.00066375732422 | 308750.0010294584
82.99999999999997 | 56 | 0 | 122.00066375732422 | 308750.01770950004
82.99999999999997 | 56 | 0 | 121.98503875732422 | 308750.0343895417
82.99999999999997 | 56 | 0 | 121.98503875732422 | 308750.0510695834
82.99999999999997 | 56 | 0 | 121.98503875732422 | 308750.0677496251
85.80000000000001 | 56 | 0 | 121.73503875732422 | 308750.08442966675
85.80000000000001 | 56 | 0 | 121.73503875732422 | 308750.1011097084
85.80000000000001 | 56 | 0 | 121.73503875732422 | 308750.11778975005
85.80000000000001 | 56 | 0 | 121.73503875732422 | 308750.1344697917
85.80000000000001 | 56 | 0 | 121.73503875732422 | 308750.1511498334
85.80000000000001 | 56 | 0 | 122.07878875732422 | 308750.1678298751
85.80000000000001 | 56 | 0 | 122.06316375732422 | 308750.18450991675
82.79999999999998 | 56 | 0 | 122.09441375732422 | 308750.2011899584
82.79999999999998 | 56 | 0 | 122.09441375732422 | 308750.21787000005
82.79999999999998 | 56 | 0 | 122.09441375732422 | 308750.2345500417
82.79999999999998 | 56 | 0 | 122.09441375732422 | 308750.2512300834
82.79999999999998 | 56 | 0 | 122.09441375732422 | 308750.2679101251
82.79999999999998 | 56 | 0 | 122.34441375732422 | 308750.28459016676
79.79999999999998 | 55 | 1 | 122.29753875732422 | 308750.31795025006
82.1 | 55 | 0 | 122.29753875732422 | 308750.33463029173
82.1 | 55 | 0 | 122.04753875732422 | 308750.3513103334
82.1 | 55 | 1 | 122.03191375732422 | 308750.3846704167
82.1 | 55 | 0 | 115.93816375732422 | 308750.4013504584
82.1 | 55 | 0 | 116.03191375732422 | 308750.4181717084
85.99999999999999 | 55 | 1 | 116.17253875732422 | 308750.4515328751
85.99999999999999 | 55 | 0 | 116.17253875732422 | 308750.4682134584
85.99999999999999 | 55 | 0 | 116.18816375732422 | 308750.4848940417
85.99999999999999 | 55 | 0 | 116.18816375732422 | 308750.5015746251
85.99999999999999 | 55 | 0 | 116.18816375732422 | 308750.5182552084
85.99999999999999 | 55 | 0 | 116.06316375732422 | 308750.53493579174
85.99999999999999 | 55 | 0 | 116.06316375732422 | 308750.55161637504
83.39999999999999 | 55 | 0 | 116.06316375732422 | 308750.5682969584
83.39999999999999 | 55 | 0 | 116.06316375732422 | 308750.58497754176
83.39999999999999 | 55 | 0 | 116.06316375732422 | 308750.60165812506
83.39999999999999 | 55 | 0 | 116.18816375732422 | 308750.6183387084
83.39999999999999 | 55 | 0 | 116.18816375732422 | 308750.6350192917
83.39999999999999 | 55 | 0 | 116.18816375732422 | 308750.6516998751
83.39999999999999 | 55 | 0 | 116.18816375732422 | 308750.6683804584
83.39999999999999 | 55 | 0 | 116.18816375732422 | 308750.68506104173
82.60000000000001 | 55 | 0 | 116.18816375732422 | 308750.7017416251
82.60000000000001 | 55 | 0 | 116.18816375732422 | 308750.7184222084
82.60000000000001 | 55 | 0 | 116.18816375732422 | 308750.73510279175
82.60000000000001 | 54 | 1 | 116.18816375732422 | 308750.7684639584
82.60000000000001 | 54 | 0 | 116.18816375732422 | 308750.78514454176
82.60000000000001 | 54 | 0 | 116.18816375732422 | 308750.80182512506
82.60000000000001 | 54 | 0 | 115.75066375732422 | 308750.8185057084
85.49999999999999 | 55 | 0 | 121.71941375732422 | 308750.8351862917
85.49999999999999 | 55 | 0 | 121.71941375732422 | 308750.8518668751
85.49999999999999 | 55 | 0 | 121.71941375732422 | 308750.8685474584
85.49999999999999 | 55 | 0 | 122.12566375732422 | 308750.88522804173
85.49999999999999 | 55 | 1 | 122.15691375732422 | 308750.9185892084
85.49999999999999 | 55 | 0 | 122.15691375732422 | 308750.93526979175
87.7 | 55 | 0 | 122.15691375732422 | 308750.95195037505
87.7 | 55 | 0 | 122.15691375732422 | 308750.96876650007
87.7 | 55 | 0 | 122.15691375732422 | 308750.9854474584
87.7 | 55 | 0 | 122.07878875732422 | 308751.00212841673
87.7 | 55 | 0 | 122.07878875732422 | 308751.01880937506
87.7 | 55 | 0 | 122.07878875732422 | 308751.0354903334
87.7 | 55 | 0 | 122.07878875732422 | 308751.0521712917
87.7 | 55 | 0 | 122.07878875732422 | 308751.06885225006
84.09999999999998 | 55 | 0 | 121.51628875732422 | 308751.0855332084
84.09999999999998 | 55 | 0 | 121.51628875732422 | 308751.1022141667
84.09999999999998 | 55 | 0 | 121.51628875732422 | 308751.11889512505
84.09999999999998 | 55 | 0 | 121.51628875732422 | 308751.1355760834
84.09999999999998 | 55 | 0 | 121.51628875732422 | 308751.1522570417
84.09999999999998 | 55 | 0 | 121.73503875732422 | 308751.16893800005
84.09999999999998 | 55 | 0 | 121.73503875732422 | 308751.1856189584
85.89999999999999 | 55 | 0 | 121.84441375732422 | 308751.20213041676
85.89999999999999 | 55 | 0 | 121.84441375732422 | 308751.21881079173
85.89999999999999 | 55 | 0 | 121.84441375732422 | 308751.2354911667
85.89999999999999 | 55 | 0 | 121.84441375732422 | 308751.25217154174
85.89999999999999 | 55 | 0 | 121.84441375732422 | 308751.2688519167
85.89999999999999 | 55 | 0 | 121.86003875732422 | 308751.28553229175
85.89999999999999 | 55 | 1 | 121.90691375732422 | 308751.31889304175
83.8 | 55 | 0 | 121.92253875732422 | 308751.3355734167
83.8 | 55 | 0 | 121.96941375732422 | 308751.35225379176
83.8 | 55 | 1 | 121.96941375732422 | 308751.38575420843
83.8 | 55 | 0 | 121.96941375732422 | 308751.40243504173
83.8 | 55 | 0 | 121.98503875732422 | 308751.4191158751
83.8 | 56 | 0 | 121.98503875732422 | 308751.4357967084
83.8 | 56 | 0 | 121.98503875732422 | 308751.45247754175
83.2 | 56 | 0 | 122.07878875732422 | 308751.46915837505
83.2 | 56 | 0 | 122.07878875732422 | 308751.4858392084
83.2 | 56 | 0 | 122.07878875732422 | 308751.5025200417
83.2 | 56 | 0 | 122.07878875732422 | 308751.5192008751
83.2 | 56 | 0 | 122.07878875732422 | 308751.5358817084
83.2 | 56 | 0 | 122.06316375732422 | 308751.55256254174
83.8 | 56 | 0 | 122.06316375732422 | 308751.5692433751
83.8 | 56 | 0 | 122.06316375732422 | 308751.5859242084
83.8 | 56 | 0 | 122.07878875732422 | 308751.60260504176
83.8 | 56 | 0 | 122.07878875732422 | 308751.61928587506
83.8 | 56 | 0 | 122.07878875732422 | 308751.6359667084
83.8 | 56 | 0 | 122.07878875732422 | 308751.6526475417
83.8 | 56 | 0 | 121.82878875732422 | 308751.6693283751
86.6 | 55 | 1 | 121.82878875732422 | 308751.70269004174
86.6 | 55 | 0 | 121.82878875732422 | 308751.71937087504
86.6 | 55 | 0 | 121.64128875732422 | 308751.7360517084
86.6 | 55 | 1 | 121.64128875732422 | 308751.76941337506
86.6 | 55 | 0 | 121.64128875732422 | 308751.7860942084
86.6 | 55 | 0 | 121.81316375732422 | 308751.8027750417
86.19999999999997 | 54 | 0 | 121.93816375732422 | 308751.83597654174
86.19999999999997 | 54 | 0 | 121.93816375732422 | 308751.8526568751
86.19999999999997 | 54 | 0 | 121.93816375732422 | 308751.8693372084
86.19999999999997 | 54 | 0 | 121.93816375732422 | 308751.88601754175
86.19999999999997 | 55 | 0 | 121.93816375732422 | 308751.90269787505
86.19999999999997 | 55 | 0 | 122.18816375732422 | 308751.9192445417
86.19999999999997 | 55 | 0 | 122.18816375732422 | 308751.93592441676
84.89999999999998 | 55 | 0 | 122.18816375732422 | 308751.9526042917
84.89999999999998 | 55 | 0 | 122.18816375732422 | 308751.96928416676
84.89999999999998 | 55 | 0 | 122.18816375732422 | 308751.9859640417
84.89999999999998 | 55 | 0 | 122.20378875732422 | 308752.00264391676
84.89999999999998 | 55 | 0 | 122.20378875732422 | 308752.0193237917
84.89999999999998 | 55 | 0 | 122.20378875732422 | 308752.03600366676
84.89999999999998 | 55 | 0 | 122.20378875732422 | 308752.0526835417
84.89999999999998 | 55 | 0 | 122.20378875732422 | 308752.06921104173
83.89999999999999 | 55 | 0 | 121.95378875732422 | 308752.08589041675
83.89999999999999 | 55 | 0 | 121.95378875732422 | 308752.1025697917
83.89999999999999 | 55 | 0 | 121.95378875732422 | 308752.11924916675
83.89999999999999 | 55 | 0 | 121.95378875732422 | 308752.1359285417
83.89999999999999 | 55 | 0 | 121.95378875732422 | 308752.15260791674
83.89999999999999 | 55 | 0 | 121.95378875732422 | 308752.16928729176
83.89999999999999 | 55 | 0 | 121.95378875732422 | 308752.18596666673
82.99999999999999 | 55 | 0 | 121.70378875732422 | 308752.2024983751
82.99999999999999 | 54 | 1 | 121.70378875732422 | 308752.2358562917
82.99999999999999 | 54 | 0 | 121.70378875732422 | 308752.2525352501
82.99999999999999 | 54 | 0 | 121.93816375732422 | 308752.2692142084
82.99999999999999 | 54 | 1 | 122.00066375732422 | 308752.30257212505
82.99999999999999 | 54 | 0 | 122.00066375732422 | 308752.3192510834
84.39999999999998 | 54 | 0 | 122.00066375732422 | 308752.33593004174
84.39999999999998 | 54 | 0 | 122.01628875732422 | 308752.3524569584
84.39999999999998 | 55 | 0 | 122.01628875732422 | 308752.36913550005
84.39999999999998 | 55 | 0 | 116.04753875732422 | 308752.3858140417
84.39999999999998 | 55 | 0 | 116.04753875732422 | 308752.4024925834
84.39999999999998 | 55 | 0 | 116.04753875732422 | 308752.41917112505
84.39999999999998 | 55 | 0 | 116.04753875732422 | 308752.4358496667
84.39999999999998 | 55 | 0 | 116.04753875732422 | 308752.4525282084
86.39999999999999 | 55 | 0 | 116.03191375732422 | 308752.46920675004
86.39999999999999 | 55 | 0 | 116.03191375732422 | 308752.4858852917
86.39999999999999 | 55 | 0 | 116.03191375732422 | 308752.5025638334
86.39999999999999 | 55 | 0 | 116.03191375732422 | 308752.51924237504
86.39999999999999 | 55 | 0 | 116.01628875732422 | 308752.53606425005
86.39999999999999 | 55 | 0 | 116.03191375732422 | 308752.5527432501
86.39999999999999 | 55 | 0 | 116.03191375732422 | 308752.5694222501
83.10000000000001 | 55 | 0 | 116.03191375732422 | 308752.5861012501
83.10000000000001 | 54 | 1 | 116.03191375732422 | 308752.62951075006
83.10000000000001 | 53 | 0 | 116.03191375732422 | 308752.65281725005
83.10000000000001 | 53 | 0 | 116.03191375732422 | 308752.66949625005
83.10000000000001 | 54 | 0 | 115.65691375732422 | 308752.6863076667
82.4 | 53 | 1 | 115.65691375732422 | 308752.71966641676
82.4 | 53 | 0 | 115.65691375732422 | 308752.7363457917
82.4 | 54 | 0 | 115.71941375732422 | 308752.75302516675
82.4 | 53 | 1 | 115.71941375732422 | 308752.78638391674
82.4 | 53 | 0 | 115.71941375732422 | 308752.8030632917
82.29999999999998 | 54 | 0 | 115.96941375732422 | 308752.81974266673
82.29999999999998 | 54 | 0 | 115.98503875732422 | 308752.83642204176
82.29999999999998 | 54 | 0 | 115.98503875732422 | 308752.8531014167
82.29999999999998 | 54 | 0 | 115.98503875732422 | 308752.86978079175
82.29999999999998 | 54 | 0 | 115.98503875732422 | 308752.8864601667
82.29999999999998 | 54 | 0 | 115.98503875732422 | 308752.90313954174
82.29999999999998 | 53 | 1 | 115.98503875732422 | 308752.9464749584
77.7 | 52 | 0 | 116.14128875732422 | 308752.9698570417
77.7 | 52 | 0 | 122.14128875732422 | 308752.98638425005
77.7 | 52 | 0 | 122.15691375732422 | 308753.00306316675
77.7 | 52 | 0 | 122.15691375732422 | 308753.0197420834
77.7 | 52 | 0 | 122.07878875732422 | 308753.0364210001
77.7 | 51 | 1 | 122.07878875732422 | 308753.0697788334
82.1 | 51 | 0 | 122.07878875732422 | 308753.08645775006
82.1 | 51 | 0 | 122.26628875732422 | 308753.10313666676
82.1 | 51 | 0 | 122.26628875732422 | 308753.1198155834
82.1 | 51 | 0 | 122.26628875732422 | 308753.13649450004
82.1 | 51 | 0 | 122.32878875732422 | 308753.15317341674
82.1 | 51 | 0 | 122.32878875732422 | 308753.1698523334
82.1 | 51 | 0 | 122.32878875732422 | 308753.1865312501
84.9 | 51 | 0 | 122.32878875732422 | 308753.2032101667
84.9 | 52 | 0 | 122.32878875732422 | 308753.2198890834
84.9 | 52 | 0 | 122.26628875732422 | 308753.23642766674
84.9 | 52 | 0 | 122.26628875732422 | 308753.25310604175
84.9 | 52 | 0 | 122.26628875732422 | 308753.2697844167
84.9 | 53 | 0 | 122.26628875732422 | 308753.28646279173
84.9 | 53 | 0 | 122.26628875732422 | 308753.30314116675
84.9 | 53 | 0 | 122.26628875732422 | 308753.3198195417
82.2 | 53 | 0 | 122.26628875732422 | 308753.3364979167
82.2 | 53 | 0 | 122.26628875732422 | 308753.35317629174
82.2 | 52 | 1 | 122.26628875732422 | 308753.3967868751
82.2 | 51 | 0 | 122.28191375732422 | 308753.41988979175
82.2 | 51 | 0 | 122.28191375732422 | 308753.4365681667
80.1 | 51 | 0 | 122.28191375732422 | 308753.4532465417
80.1 | 50 | 1 | 122.28191375732422 | 308753.48660329176
80.1 | 50 | 0 | 122.28191375732422 | 308753.5032816667
80.1 | 50 | 0 | 122.01628875732422 | 308753.51996004174
80.1 | 49 | 1 | 122.01628875732422 | 308753.5533167917
80.1 | 49 | 0 | 122.01628875732422 | 308753.56999516673
81.7 | 49 | 0 | 122.15691375732422 | 308753.58667354175
81.7 | 50 | 0 | 122.15691375732422 | 308753.6033519167
81.7 | 51 | 0 | 122.15691375732422 | 308753.6200302917
81.7 | 51 | 0 | 122.03191375732422 | 308753.63670866675
81.7 | 51 | 0 | 122.03191375732422 | 308753.65338704176
81.7 | 51 | 0 | 122.03191375732422 | 308753.6700654167
81.7 | 51 | 0 | 122.03191375732422 | 308753.68674379174
81.7 | 52 | 0 | 122.03191375732422 | 308753.70342216676
82.40000000000002 | 52 | 0 | 122.03191375732422 | 308753.7201005417
82.40000000000002 | 52 | 0 | 122.03191375732422 | 308753.73677891673
82.40000000000002 | 52 | 0 | 122.03191375732422 | 308753.75345729175
82.40000000000002 | 52 | 1 | 122.04753875732422 | 308753.79676937504
82.40000000000002 | 51 | 0 | 122.03191375732422 | 308753.82017079176
78.4 | 51 | 0 | 122.03191375732422 | 308753.8368491667
78.4 | 51 | 0 | 122.03191375732422 | 308753.85352754174
78.4 | 51 | 0 | 122.03191375732422 | 308753.87020591676
78.4 | 51 | 0 | 122.03191375732422 | 308753.8868842917
78.4 | 51 | 0 | 122.23503875732422 | 308753.90356266673
78.4 | 52 | 0 | 122.23503875732422 | 308753.92024104175
78.4 | 53 | 0 | 122.26628875732422 | 308753.9369194167
82.90000000000002 | 52 | 0 | 122.26628875732422 | 308753.97013716673
82.90000000000002 | 52 | 0 | 122.28191375732422 | 308753.9868151667
82.90000000000002 | 52 | 0 | 122.28191375732422 | 308754.00349316676
82.90000000000002 | 51 | 1 | 122.34441375732422 | 308754.03684916673
82.90000000000002 | 52 | 0 | 122.34441375732422 | 308754.0535271667
82.90000000000002 | 52 | 0 | 122.21941375732422 | 308754.07020516676
83.89999999999999 | 51 | 0 | 122.21941375732422 | 308754.1033875834
83.89999999999999 | 51 | 0 | 122.21941375732422 | 308754.12006504176
83.89999999999999 | 51 | 0 | 122.21941375732422 | 308754.13674250006
83.89999999999999 | 51 | 0 | 122.21941375732422 | 308754.1534199584
83.89999999999999 | 51 | 0 | 122.21941375732422 | 308754.17009741673
83.89999999999999 | 51 | 0 | 122.25066375732422 | 308754.1867748751
82.9 | 51 | 0 | 122.25066375732422 | 308754.2034523334
82.9 | 51 | 0 | 122.25066375732422 | 308754.2201297917
82.9 | 51 | 0 | 122.25066375732422 | 308754.23680725007
82.9 | 51 | 0 | 122.25066375732422 | 308754.2534847084
82.9 | 51 | 0 | 122.32878875732422 | 308754.27016216674
82.9 | 51 | 0 | 122.32878875732422 | 308754.28683962504
82.9 | 51 | 0 | 122.32878875732422 | 308754.3035170834
82.9 | 51 | 0 | 122.32878875732422 | 308754.3201945417
82.9 | 51 | 0 | 122.32878875732422 | 308754.3367299584
86.1 | 51 | 0 | 122.32878875732422 | 308754.3534069584
86.1 | 52 | 0 | 122.32878875732422 | 308754.3700839584
86.1 | 53 | 0 | 122.20378875732422 | 308754.3867609584
86.1 | 52 | 1 | 116.07878875732422 | 308754.4201149584
86.1 | 52 | 0 | 116.07878875732422 | 308754.4367919584
84.99999999999999 | 52 | 0 | 115.76628875732422 | 308754.4534689584
84.99999999999999 | 52 | 1 | 115.82878875732422 | 308754.4868229584
84.99999999999999 | 52 | 0 | 115.82878875732422 | 308754.5034999584
84.99999999999999 | 52 | 0 | 115.92253875732422 | 308754.5201769584
84.99999999999999 | 52 | 1 | 116.03191375732422 | 308754.5535309584
84.99999999999999 | 52 | 0 | 116.03191375732422 | 308754.5702079584
85.5 | 52 | 0 | 116.04753875732422 | 308754.5868849584
85.5 | 51 | 1 | 116.04753875732422 | 308754.6202389584
85.5 | 51 | 0 | 116.04753875732422 | 308754.6369159584
85.5 | 51 | 0 | 116.04753875732422 | 308754.6535929584
85.5 | 51 | 0 | 116.04753875732422 | 308754.6702699584
85.5 | 51 | 0 | 116.04753875732422 | 308754.6869469584
85.19999999999999 | 51 | 0 | 115.70378875732422 | 308754.7036239584
85.19999999999999 | 51 | 0 | 115.70378875732422 | 308754.7203009584
85.19999999999999 | 51 | 0 | 115.70378875732422 | 308754.7369779584
85.19999999999999 | 51 | 0 | 115.70378875732422 | 308754.7536549584
85.19999999999999 | 52 | 0 | 115.70378875732422 | 308754.7703319584
85.19999999999999 | 53 | 0 | 115.81316375732422 | 308754.7870089584
85.19999999999999 | 53 | 0 | 115.81316375732422 | 308754.8036859584
85.19999999999999 | 53 | 0 | 115.81316375732422 | 308754.8203629584
87.0 | 53 | 0 | 115.82878875732422 | 308754.8370399584
87.0 | 53 | 0 | 115.82878875732422 | 308754.8537169584
87.0 | 53 | 0 | 116.03191375732422 | 308754.8703939584
87.0 | 53 | 0 | 116.03191375732422 | 308754.8870709584
87.0 | 53 | 0 | 116.14128875732422 | 308754.9037479584
87.0 | 52 | 1 | 116.14128875732422 | 308754.9371019584
82.29999999999998 | 53 | 0 | 116.14128875732422 | 308754.9537789584
82.29999999999998 | 53 | 0 | 116.21941375732422 | 308754.9704559584
82.29999999999998 | 52 | 1 | 116.21941375732422 | 308755.0038099584
82.29999999999998 | 53 | 0 | 116.21941375732422 | 308755.0204869584
82.29999999999998 | 53 | 0 | 116.21941375732422 | 308755.0371639584
82.29999999999998 | 53 | 0 | 116.21941375732422 | 308755.0538409584
82.29999999999998 | 53 | 0 | 116.21941375732422 | 308755.0705179584
86.3 | 54 | 0 | 116.21941375732422 | 308755.0871949584
86.3 | 54 | 0 | 116.21941375732422 | 308755.1038719584
86.3 | 54 | 0 | 116.23503875732422 | 308755.1203782501
86.3 | 54 | 0 | 116.23503875732422 | 308755.13705466676
86.3 | 54 | 0 | 116.23503875732422 | 308755.1537310834
86.3 | 54 | 0 | 116.04753875732422 | 308755.17040750006
86.3 | 54 | 0 | 116.04753875732422 | 308755.18708391674
84.89999999999998 | 54 | 0 | 116.04753875732422 | 308755.2037603334
84.89999999999998 | 54 | 0 | 116.04753875732422 | 308755.2204367501
84.89999999999998 | 54 | 0 | 116.04753875732422 | 308755.2371131667
84.89999999999998 | 54 | 0 | 116.23503875732422 | 308755.2537895834
84.89999999999998 | 54 | 0 | 116.23503875732422 | 308755.2704660001
84.89999999999998 | 54 | 0 | 116.23503875732422 | 308755.28714241675
84.89999999999998 | 54 | 0 | 116.23503875732422 | 308755.3038188334
84.89999999999998 | 54 | 0 | 116.23503875732422 | 308755.32049525005
83.89999999999998 | 54 | 0 | 116.23503875732422 | 308755.33717166673
83.89999999999998 | 54 | 0 | 116.23503875732422 | 308755.3538480834
83.89999999999998 | 54 | 0 | 116.23503875732422 | 308755.3705245001
83.89999999999998 | 54 | 1 | 116.23503875732422 | 308755.4038773334
83.89999999999998 | 54 | 0 | 116.23503875732422 | 308755.42055375007
83.89999999999998 | 54 | 0 | 115.98503875732422 | 308755.43723016675
84.69999999999999 | 54 | 1 | 116.04753875732422 | 308755.47058300005
84.69999999999999 | 54 | 0 | 116.04753875732422 | 308755.4872594167
84.69999999999999 | 54 | 0 | 116.34441375732422 | 308755.5039358334
84.69999999999999 | 54 | 1 | 116.43816375732422 | 308755.53728866676
84.69999999999999 | 54 | 0 | 116.43816375732422 | 308755.5539650834
84.69999999999999 | 54 | 0 | 116.25066375732422 | 308755.57064150006
88.4 | 54 | 1 | 116.25066375732422 | 308755.6039943334
88.4 | 54 | 0 | 116.25066375732422 | 308755.62067075004
88.4 | 54 | 0 | 116.25066375732422 | 308755.6373471667
88.4 | 54 | 0 | 116.25066375732422 | 308755.6541574584
88.4 | 54 | 0 | 116.25066375732422 | 308755.6708340834
88.4 | 54 | 0 | 116.06316375732422 | 308755.6875107084
88.4 | 54 | 0 | 116.06316375732422 | 308755.7041873334
83.59999999999998 | 54 | 0 | 116.06316375732422 | 308755.7208639584
83.59999999999998 | 54 | 0 | 116.06316375732422 | 308755.7375405834
83.59999999999998 | 54 | 0 | 116.06316375732422 | 308755.7542172084
83.59999999999998 | 54 | 0 | 116.28191375732422 | 308755.7708938334
83.59999999999998 | 54 | 0 | 116.28191375732422 | 308755.78757045843
83.59999999999998 | 54 | 0 | 116.31316375732422 | 308755.80440404173
82.5 | 53 | 1 | 116.31316375732422 | 308755.8477894584
82.5 | 52 | 0 | 116.31316375732422 | 308755.87111237505
82.5 | 52 | 0 | 116.31316375732422 | 308755.8877894584
82.5 | 52 | 0 | 116.17253875732422 | 308755.9044665417
82.5 | 52 | 1 | 116.17253875732422 | 308755.9484709584
79.30000000000001 | 51 | 0 | 116.17253875732422 | 308755.97117487504
79.30000000000001 | 52 | 0 | 116.17253875732422 | 308755.9878519584
79.30000000000001 | 52 | 0 | 115.67253875732422 | 308756.00452904176
79.30000000000001 | 51 | 1 | 115.67253875732422 | 308756.0378832084
79.30000000000001 | 51 | 0 | 115.68816375732422 | 308756.05456029176
79.30000000000001 | 51 | 0 | 115.90691375732422 | 308756.0712373751
81.60000000000001 | 50 | 1 | 115.93816375732422 | 308756.10459154175
81.60000000000001 | 50 | 0 | 115.93816375732422 | 308756.1212686251
81.60000000000001 | 50 | 0 | 115.79753875732422 | 308756.1379457084
81.60000000000001 | 49 | 1 | 115.79753875732422 | 308756.1712998751
81.60000000000001 | 49 | 0 | 115.79753875732422 | 308756.1879769584
82.29999999999998 | 49 | 0 | 115.81316375732422 | 308756.20465404174
82.29999999999998 | 49 | 0 | 115.81316375732422 | 308756.22119400004
82.29999999999998 | 49 | 0 | 115.81316375732422 | 308756.2378707501
82.29999999999998 | 49 | 0 | 115.62566375732422 | 308756.25454750005
82.29999999999998 | 49 | 0 | 115.62566375732422 | 308756.2712242501
82.29999999999998 | 49 | 0 | 115.62566375732422 | 308756.28790100006
82.29999999999998 | 48 | 1 | 115.62566375732422 | 308756.3311932084
79.09999999999998 | 47 | 0 | 115.75066375732422 | 308756.3546080001
79.09999999999998 | 47 | 0 | 115.75066375732422 | 308756.37128475006
79.09999999999998 | 48 | 0 | 115.75066375732422 | 308756.3879615001
79.09999999999998 | 47 | 1 | 115.75066375732422 | 308756.4309130001
79.09999999999998 | 47 | 0 | 115.86003875732422 | 308756.45466850005
74.99999999999999 | 47 | 0 | 115.86003875732422 | 308756.4713452501
74.99999999999999 | 47 | 0 | 115.98503875732422 | 308756.48802200006
74.99999999999999 | 47 | 0 | 115.98503875732422 | 308756.50469875004
74.99999999999999 | 48 | 0 | 115.98503875732422 | 308756.5213755001
74.99999999999999 | 48 | 0 | 116.00066375732422 | 308756.53805225005
74.99999999999999 | 48 | 0 | 116.00066375732422 | 308756.5547290001
74.99999999999999 | 48 | 0 | 115.75066375732422 | 308756.57140575006
79.99999999999999 | 49 | 0 | 118.43816375732422 | 308756.5880825001
79.99999999999999 | 49 | 0 | 118.45378875732422 | 308756.60475925007
79.99999999999999 | 49 | 0 | 118.45378875732422 | 308756.62143600004
79.99999999999999 | 49 | 0 | 118.45378875732422 | 308756.6381127501
79.99999999999999 | 49 | 0 | 118.37566375732422 | 308756.65478950005
79.99999999999999 | 48 | 0 | 118.37566375732422 | 308756.6879826667
79.99999999999999 | 48 | 0 | 118.39128875732422 | 308756.70465887507
79.89999999999998 | 48 | 0 | 118.61003875732422 | 308756.7213350834
79.89999999999998 | 47 | 1 | 118.70378875732422 | 308756.75468750007
79.89999999999998 | 47 | 0 | 118.70378875732422 | 308756.7713637084
79.89999999999998 | 47 | 0 | 118.70378875732422 | 308756.7880399167
79.89999999999998 | 47 | 0 | 118.70378875732422 | 308756.8047161251
79.89999999999998 | 48 | 0 | 118.70378875732422 | 308756.82126004173
83.7 | 49 | 0 | 118.84441375732422 | 308756.83793587505
83.7 | 49 | 0 | 118.84441375732422 | 308756.8546117084
83.7 | 49 | 0 | 118.84441375732422 | 308756.87128754176
83.7 | 49 | 0 | 118.84441375732422 | 308756.8879633751
83.7 | 49 | 0 | 118.84441375732422 | 308756.9046392084
83.7 | 50 | 0 | 118.84441375732422 | 308756.9213150417
83.7 | 51 | 0 | 118.84441375732422 | 308756.93799087504
83.50000000000001 | 51 | 0 | 118.84441375732422 | 308756.9546667084
83.50000000000001 | 51 | 0 | 118.84441375732422 | 308756.97134254174
83.50000000000001 | 51 | 0 | 118.84441375732422 | 308756.98801837506
83.50000000000001 | 51 | 0 | 118.84441375732422 | 308757.0046942084
83.50000000000001 | 52 | 0 | 118.84441375732422 | 308757.0213700417
83.50000000000001 | 52 | 0 | 118.78191375732422 | 308757.0380458751
83.50000000000001 | 51 | 1 | 118.78191375732422 | 308757.07139754173
83.1 | 52 | 0 | 118.78191375732422 | 308757.08807337505
83.1 | 52 | 0 | 118.78191375732422 | 308757.1047492084
83.1 | 51 | 1 | 118.78191375732422 | 308757.1381008751
83.1 | 52 | 0 | 118.78191375732422 | 308757.1547767084
83.1 | 52 | 0 | 118.53191375732422 | 308757.1714525417
83.1 | 52 | 0 | 118.53191375732422 | 308757.18812837504
83.1 | 52 | 0 | 118.53191375732422 | 308757.2048042084
84.4 | 52 | 0 | 118.53191375732422 | 308757.22148004174
84.4 | 52 | 0 | 118.53191375732422 | 308757.23815587506
84.4 | 52 | 0 | 118.53191375732422 | 308757.2548317084
84.4 | 52 | 0 | 118.53191375732422 | 308757.2715075417
84.4 | 52 | 0 | 118.53191375732422 | 308757.2881833751
84.4 | 53 | 0 | 118.45378875732422 | 308757.3048592084
84.4 | 54 | 0 | 118.45378875732422 | 308757.32153504173
84.69999999999999 | 54 | 0 | 118.45378875732422 | 308757.3380290417
84.69999999999999 | 54 | 0 | 118.45378875732422 | 308757.3547043334
84.69999999999999 | 54 | 0 | 118.45378875732422 | 308757.37137962505
84.69999999999999 | 54 | 0 | 118.75066375732422 | 308757.38805491675
84.69999999999999 | 55 | 0 | 118.75066375732422 | 308757.4047302084
84.69999999999999 | 56 | 0 | 119.01628875732422 | 308757.4214055001
84.69999999999999 | 55 | 1 | 119.01628875732422 | 308757.4645898334
79.09999999999998 | 54 | 0 | 119.01628875732422 | 308757.4881066667
79.09999999999998 | 54 | 0 | 122.71941375732422 | 308757.5047819584
79.09999999999998 | 54 | 0 | 123.29753875732422 | 308757.52145725006
79.09999999999998 | 54 | 0 | 123.29753875732422 | 308757.53813254175
79.09999999999998 | 54 | 0 | 123.29753875732422 | 308757.5548078334
79.09999999999998 | 54 | 0 | 123.29753875732422 | 308757.5714831251
79.09999999999998 | 54 | 0 | 123.29753875732422 | 308757.58815841674
83.59999999999998 | 54 | 0 | 123.29753875732422 | 308757.6048337084
83.59999999999998 | 54 | 0 | 123.29753875732422 | 308757.6215090001
83.59999999999998 | 54 | 0 | 123.29753875732422 | 308757.6381842917
83.59999999999998 | 54 | 0 | 123.29753875732422 | 308757.6548595834
83.59999999999998 | 55 | 0 | 123.29753875732422 | 308757.67153487506
83.59999999999998 | 55 | 0 | 123.31316375732422 | 308757.68821016676
83.59999999999998 | 55 | 0 | 123.31316375732422 | 308757.7048854584
85.29999999999998 | 55 | 0 | 123.31316375732422 | 308757.7217219584
85.29999999999998 | 55 | 1 | 123.31316375732422 | 308757.7550734584
85.29999999999998 | 55 | 0 | 123.31316375732422 | 308757.7717492084
85.29999999999998 | 55 | 0 | 123.29753875732422 | 308757.7884249584
85.29999999999998 | 54 | 1 | 123.29753875732422 | 308757.8219113334
83.7 | 54 | 0 | 123.29753875732422 | 308757.83858762507
83.7 | 54 | 0 | 123.31316375732422 | 308757.8552639167
83.7 | 54 | 0 | 123.31316375732422 | 308757.8719402084
83.7 | 54 | 0 | 123.31316375732422 | 308757.8886165001
83.7 | 54 | 0 | 123.31316375732422 | 308757.9052927917
83.7 | 54 | 0 | 123.31316375732422 | 308757.9219690834
83.7 | 54 | 0 | 123.31316375732422 | 308757.93881066673
83.7 | 54 | 0 | 123.31316375732422 | 308757.9554875834
83.7 | 54 | 0 | 123.31316375732422 | 308757.97216450004
83.4 | 54 | 0 | 123.06316375732422 | 308757.9888414167
83.4 | 54 | 0 | 123.06316375732422 | 308758.0055183334
83.4 | 54 | 0 | 123.06316375732422 | 308758.0221952501
83.4 | 54 | 0 | 123.06316375732422 | 308758.0388721667
83.4 | 55 | 0 | 123.06316375732422 | 308758.0555490834
83.4 | 55 | 0 | 123.26628875732422 | 308758.0722260001
82.59999999999998 | 55 | 0 | 123.26628875732422 | 308758.08890291676
82.59999999999998 | 55 | 0 | 123.31316375732422 | 308758.1055798334
82.59999999999998 | 55 | 1 | 123.31316375732422 | 308758.13893366675
82.59999999999998 | 55 | 0 | 123.31316375732422 | 308758.1556105834
82.59999999999998 | 55 | 0 | 123.37566375732422 | 308758.17228750006
82.59999999999998 | 54 | 1 | 123.37566375732422 | 308758.2057743334
84.39999999999999 | 54 | 0 | 123.37566375732422 | 308758.2224516667
84.39999999999999 | 54 | 0 | 123.37566375732422 | 308758.23912900005
84.39999999999999 | 54 | 0 | 123.37566375732422 | 308758.2558063334
84.39999999999999 | 54 | 0 | 123.37566375732422 | 308758.2724836667
84.39999999999999 | 54 | 0 | 123.37566375732422 | 308758.28916100005
84.39999999999999 | 54 | 0 | 123.37566375732422 | 308758.3058383334
83.19999999999999 | 54 | 0 | 123.37566375732422 | 308758.3225156667
83.19999999999999 | 53 | 1 | 123.37566375732422 | 308758.36601875006
83.19999999999999 | 52 | 0 | 123.42253875732422 | 308758.38936716673
83.19999999999999 | 52 | 0 | 123.43816375732422 | 308758.4060449167
83.19999999999999 | 52 | 0 | 123.43816375732422 | 308758.42272266676
83.19999999999999 | 52 | 1 | 123.43816375732422 | 308758.46582541673
79.29999999999998 | 52 | 0 | 123.43816375732422 | 308758.48943366675
79.29999999999998 | 52 | 0 | 123.43816375732422 | 308758.50611141673
79.29999999999998 | 52 | 0 | 123.43816375732422 | 308758.5227891667
79.29999999999998 | 52 | 0 | 123.43816375732422 | 308758.53946691676
79.29999999999998 | 52 | 0 | 123.43816375732422 | 308758.55614466674
79.29999999999998 | 52 | 0 | 123.43816375732422 | 308758.5728224167
77.2 | 52 | 0 | 123.43816375732422 | 308758.5895001667
77.2 | 52 | 0 | 123.43816375732422 | 308758.60617791675
77.2 | 51 | 1 | 123.43816375732422 | 308758.6502230834
77.2 | 50 | 0 | 123.43816375732422 | 308758.6730529167
77.2 | 50 | 0 | 123.43816375732422 | 308758.6897310834
76.8 | 50 | 0 | 123.42253875732422 | 308758.7064092501
76.8 | 50 | 1 | 123.42253875732422 | 308758.75004912505
76.8 | 49 | 0 | 123.42253875732422 | 308758.77312191675
76.8 | 49 | 0 | 123.42253875732422 | 308758.7898000834
76.8 | 50 | 0 | 123.42253875732422 | 308758.8064782501
76.8 | 50 | 0 | 123.42253875732422 | 308758.8231564167
76.8 | 50 | 0 | 123.42253875732422 | 308758.8398345834
76.1 | 50 | 0 | 123.40691375732422 | 308758.8565127501
76.1 | 50 | 0 | 123.40691375732422 | 308758.8731909167
76.1 | 50 | 0 | 123.45378875732422 | 308758.8898690834
76.1 | 49 | 1 | 123.45378875732422 | 308758.9333819584
76.1 | 48 | 0 | 123.26628875732422 | 308758.95658175007
74.9 | 48 | 0 | 123.26628875732422 | 308758.97325991676
74.9 | 48 | 0 | 123.26628875732422 | 308758.9899380834
74.9 | 47 | 1 | 123.26628875732422 | 308759.0335939584
74.9 | 46 | 0 | 123.42253875732422 | 308759.0567954584
74.9 | 46 | 0 | 123.54753875732422 | 308759.0734739584
74.8 | 46 | 0 | 124.01628875732422 | 308759.0901524584
74.8 | 46 | 0 | 124.01628875732422 | 308759.1068309584
74.8 | 47 | 0 | 124.01628875732422 | 308759.1235094584
74.8 | 46 | 1 | 124.01628875732422 | 308759.16693291673
74.8 | 46 | 0 | 124.01628875732422 | 308759.1902234584
74.8 | 46 | 0 | 124.01628875732422 | 308759.2069019584
75.9 | 46 | 0 | 124.01628875732422 | 308759.2235804584
75.9 | 46 | 0 | 124.01628875732422 | 308759.2403921251
75.9 | 46 | 0 | 124.01628875732422 | 308759.2570708751
75.9 | 46 | 0 | 124.01628875732422 | 308759.2737496251
75.9 | 46 | 0 | 124.01628875732422 | 308759.29042837507
75.9 | 46 | 0 | 124.01628875732422 | 308759.30710712506
75.9 | 46 | 0 | 124.01628875732422 | 308759.32378587505
75.9 | 47 | 0 | 124.01628875732422 | 308759.34046462504
75.7 | 48 | 0 | 124.03191375732422 | 308759.3571433751
75.7 | 48 | 0 | 124.03191375732422 | 308759.3738221251
75.7 | 48 | 0 | 124.03191375732422 | 308759.3906678334
75.7 | 48 | 0 | 124.03191375732422 | 308759.4073470834
75.7 | 48 | 0 | 124.03191375732422 | 308759.4240263334
75.7 | 49 | 0 | 124.03191375732422 | 308759.4407055834
75.7 | 50 | 0 | 124.03191375732422 | 308759.4573848334
79.49999999999999 | 50 | 0 | 123.54753875732422 | 308759.4740640834
79.49999999999999 | 50 | 0 | 123.54753875732422 | 308759.4907433334
79.49999999999999 | 50 | 0 | 123.54753875732422 | 308759.5074225834
79.49999999999999 | 50 | 0 | 123.56316375732422 | 308759.52424179175
79.49999999999999 | 50 | 0 | 123.56316375732422 | 308759.54092150007
79.49999999999999 | 50 | 0 | 123.84441375732422 | 308759.5576012084
79.49999999999999 | 50 | 0 | 123.84441375732422 | 308759.5742809167
79.49999999999999 | 50 | 0 | 123.84441375732422 | 308759.5909606251
78.2 | 50 | 0 | 123.87566375732422 | 308759.6076403334
78.2 | 51 | 0 | 123.87566375732422 | 308759.62432004174
78.2 | 52 | 0 | 123.87566375732422 | 308759.64099975006
78.2 | 52 | 0 | 123.87566375732422 | 308759.6576794584
78.2 | 52 | 0 | 123.87566375732422 | 308759.67435916676
78.2 | 52 | 0 | 123.75066375732422 | 308759.6910388751
78.2 | 52 | 0 | 123.75066375732422 | 308759.7077185834
80.2 | 53 | 0 | 123.75066375732422 | 308759.7243982917
80.2 | 54 | 0 | 123.75066375732422 | 308759.74107800005
80.2 | 54 | 0 | 123.75066375732422 | 308759.7577577084
80.2 | 54 | 0 | 123.54753875732422 | 308759.77458091674
80.2 | 54 | 0 | 123.54753875732422 | 308759.7912610834
80.2 | 54 | 0 | 123.54753875732422 | 308759.8079412501
80.2 | 53 | 1 | 123.54753875732422 | 308759.8511139167
76.3 | 52 | 0 | 123.78191375732422 | 308759.87466191675
76.3 | 52 | 0 | 123.78191375732422 | 308759.8911937084
76.3 | 53 | 0 | 123.87566375732422 | 308759.9078734584
76.3 | 54 | 0 | 123.87566375732422 | 308759.9245532084
76.3 | 54 | 0 | 123.87566375732422 | 308759.9412329584
76.3 | 54 | 0 | 123.87566375732422 | 308759.9579127084
76.3 | 54 | 0 | 123.87566375732422 | 308759.9745924584
79.1 | 54 | 0 | 123.87566375732422 | 308759.9912722084
79.1 | 55 | 0 | 123.87566375732422 | 308760.0079519584
79.1 | 56 | 0 | 123.87566375732422 | 308760.0246317084
79.1 | 56 | 0 | 123.87566375732422 | 308760.0413114584
79.1 | 56 | 0 | 123.87566375732422 | 308760.0579912084
79.1 | 56 | 0 | 123.87566375732422 | 308760.0746709584
79.1 | 56 | 0 | 123.87566375732422 | 308760.0913507084
81.39999999999999 | 56 | 0 | 123.87566375732422 | 308760.1080304584
81.39999999999999 | 56 | 0 | 123.87566375732422 | 308760.1247102084
81.39999999999999 | 57 | 0 | 123.87566375732422 | 308760.1413899584
81.39999999999999 | 58 | 0 | 123.87566375732422 | 308760.1580697084
81.39999999999999 | 58 | 0 | 123.87566375732422 | 308760.1747494584
81.39999999999999 | 58 | 0 | 123.89128875732422 | 308760.1914292084
83.39999999999999 | 57 | 0 | 123.89128875732422 | 308760.2246442084
83.39999999999999 | 57 | 0 | 123.89128875732422 | 308760.24132354173
83.39999999999999 | 57 | 0 | 123.62566375732422 | 308760.2580028751
83.39999999999999 | 56 | 1 | 123.61003875732422 | 308760.2913615417
83.39999999999999 | 56 | 0 | 123.61003875732422 | 308760.30804087507
83.39999999999999 | 56 | 0 | 123.70378875732422 | 308760.3247202084
87.49999999999999 | 55 | 0 | 123.79753875732422 | 308760.3579233334
87.49999999999999 | 55 | 0 | 122.98503875732422 | 308760.37460216676
87.49999999999999 | 55 | 0 | 122.98503875732422 | 308760.39128100005
87.49999999999999 | 55 | 0 | 123.00066375732422 | 308760.4079598334
87.49999999999999 | 55 | 0 | 123.00066375732422 | 308760.42463866674
87.49999999999999 | 55 | 0 | 123.06316375732422 | 308760.4413175001
87.49999999999999 | 55 | 0 | 123.06316375732422 | 308760.4579963334
84.29999999999998 | 55 | 0 | 123.06316375732422 | 308760.47453625005
84.29999999999998 | 55 | 0 | 123.06316375732422 | 308760.49121466675
84.29999999999998 | 55 | 0 | 123.06316375732422 | 308760.5078930834
84.29999999999998 | 55 | 0 | 123.06316375732422 | 308760.5245715001
84.29999999999998 | 55 | 0 | 123.06316375732422 | 308760.5412499167
84.29999999999998 | 55 | 0 | 123.06316375732422 | 308760.5579283334
84.29999999999998 | 54 | 1 | 123.06316375732422 | 308760.6012056667
78.89999999999999 | 53 | 0 | 123.06316375732422 | 308760.62464200007
78.89999999999999 | 53 | 0 | 123.06316375732422 | 308760.64132041676
78.89999999999999 | 53 | 0 | 122.98503875732422 | 308760.6579988334
78.89999999999999 | 52 | 1 | 122.98503875732422 | 308760.7019995834
76.50000000000001 | 51 | 0 | 122.98503875732422 | 308760.72471250006
76.50000000000001 | 51 | 0 | 122.98503875732422 | 308760.74139091675
76.50000000000001 | 51 | 0 | 122.98503875732422 | 308760.7580693334
76.50000000000001 | 50 | 1 | 122.98503875732422 | 308760.7914261667
76.50000000000001 | 50 | 0 | 122.98503875732422 | 308760.8081045834
76.50000000000001 | 51 | 0 | 122.98503875732422 | 308760.82478300005
76.50000000000001 | 52 | 0 | 122.98503875732422 | 308760.84146141674
76.50000000000001 | 52 | 0 | 122.98503875732422 | 308760.8581398334
79.49999999999999 | 52 | 0 | 122.98503875732422 | 308760.8748182501
79.49999999999999 | 52 | 0 | 122.98503875732422 | 308760.8914966667
79.49999999999999 | 52 | 0 | 123.00066375732422 | 308760.9081750834
79.49999999999999 | 52 | 0 | 123.00066375732422 | 308760.9248535001
79.49999999999999 | 52 | 0 | 123.00066375732422 | 308760.94153191673
79.49999999999999 | 52 | 0 | 122.75066375732422 | 308760.9582103334
81.2 | 52 | 0 | 122.75066375732422 | 308760.97488875006
81.2 | 52 | 0 | 122.75066375732422 | 308760.99156716675
81.2 | 52 | 0 | 122.75066375732422 | 308761.0082455834
81.2 | 52 | 0 | 122.75066375732422 | 308761.0249240001
81.2 | 52 | 0 | 122.90691375732422 | 308761.0416024167
81.2 | 52 | 0 | 122.90691375732422 | 308761.0582808334
81.2 | 52 | 0 | 123.00066375732422 | 308761.07495925005
81.2 | 52 | 0 | 123.00066375732422 | 308761.09163766674
81.2 | 52 | 0 | 123.00066375732422 | 308761.1083160834
82.1 | 52 | 0 | 123.00066375732422 | 308761.1249945001
82.1 | 52 | 0 | 123.00066375732422 | 308761.1416729167
82.1 | 52 | 0 | 122.98503875732422 | 308761.1583513334
82.1 | 51 | 1 | 122.98503875732422 | 308761.19170816673
82.1 | 52 | 0 | 123.00066375732422 | 308761.2083865834
86.80000000000001 | 52 | 0 | 123.12566375732422 | 308761.22506500006
86.80000000000001 | 51 | 1 | 123.12566375732422 | 308761.2584218334
86.80000000000001 | 52 | 0 | 123.12566375732422 | 308761.2751002501
86.80000000000001 | 52 | 0 | 123.12566375732422 | 308761.2917786667
86.80000000000001 | 52 | 0 | 123.12566375732422 | 308761.3084570834
86.80000000000001 | 52 | 0 | 123.12566375732422 | 308761.32513550005
86.80000000000001 | 53 | 0 | 123.11003875732422 | 308761.34181391675
82.7 | 53 | 0 | 123.11003875732422 | 308761.3584923334
82.7 | 53 | 0 | 123.11003875732422 | 308761.37502787507
82.7 | 53 | 0 | 123.11003875732422 | 308761.3917057501
82.7 | 53 | 0 | 123.11003875732422 | 308761.4083836251
82.7 | 53 | 0 | 118.15691375732422 | 308761.42506150005
82.7 | 53 | 0 | 118.15691375732422 | 308761.44173937506
82.7 | 53 | 0 | 118.15691375732422 | 308761.45827775006
85.3 | 53 | 0 | 118.15691375732422 | 308761.47495516675
85.3 | 53 | 0 | 118.15691375732422 | 308761.4916325834
85.3 | 53 | 0 | 118.36003875732422 | 308761.50831000006
85.3 | 53 | 0 | 118.36003875732422 | 308761.52498741675
85.3 | 53 | 0 | 118.36003875732422 | 308761.5416648334
85.3 | 53 | 0 | 118.36003875732422 | 308761.55834225006
85.3 | 54 | 0 | 118.36003875732422 | 308761.57501966675
85.3 | 55 | 0 | 118.36003875732422 | 308761.5915641667
81.19999999999999 | 55 | 0 | 118.36003875732422 | 308761.60824112507
81.19999999999999 | 55 | 0 | 118.21941375732422 | 308761.6249180834
81.19999999999999 | 54 | 1 | 118.21941375732422 | 308761.66867875005
81.19999999999999 | 55 | 0 | 118.21941375732422 | 308761.69162591675
81.19999999999999 | 55 | 0 | 122.75066375732422 | 308761.70830287505
82.5 | 55 | 0 | 122.67253875732422 | 308761.7249798334
82.5 | 55 | 0 | 122.67253875732422 | 308761.7416567917
82.5 | 55 | 0 | 122.67253875732422 | 308761.75833375007
82.5 | 56 | 0 | 122.67253875732422 | 308761.7750107084
82.5 | 56 | 0 | 122.67253875732422 | 308761.79168766673
82.5 | 56 | 0 | 122.82878875732422 | 308761.8083646251
82.5 | 56 | 0 | 122.84441375732422 | 308761.8250415834
79.59999999999998 | 56 | 0 | 122.93816375732422 | 308761.84171854175
79.59999999999998 | 55 | 1 | 122.93816375732422 | 308761.8853206667
79.59999999999998 | 54 | 0 | 122.93816375732422 | 308761.9082740417
79.59999999999998 | 54 | 0 | 123.37566375732422 | 308761.92495062505
79.59999999999998 | 54 | 0 | 123.29753875732422 | 308761.9416272084
79.59999999999998 | 54 | 0 | 123.29753875732422 | 308761.95830379176
83.5 | 54 | 0 | 123.29753875732422 | 308761.9749803751
83.5 | 54 | 0 | 123.29753875732422 | 308761.9916569584
83.5 | 54 | 0 | 123.29753875732422 | 308762.00833354174
83.5 | 55 | 0 | 123.36003875732422 | 308762.0248707917
83.5 | 55 | 0 | 123.36003875732422 | 308762.0415468751
83.5 | 55 | 0 | 123.36003875732422 | 308762.0582229584
83.5 | 55 | 0 | 123.36003875732422 | 308762.07489904173
83.5 | 55 | 0 | 123.36003875732422 | 308762.09157512506
83.09999999999998 | 55 | 0 | 123.37566375732422 | 308762.1082512084
83.09999999999998 | 55 | 0 | 123.37566375732422 | 308762.12492729176
83.09999999999998 | 55 | 0 | 123.31316375732422 | 308762.14146391675
83.09999999999998 | 54 | 1 | 123.31316375732422 | 308762.1748153334
83.09999999999998 | 55 | 0 | 123.31316375732422 | 308762.19149104174
83.09999999999998 | 55 | 0 | 123.04753875732422 | 308762.2081667501
84.19999999999999 | 54 | 0 | 123.04753875732422 | 308762.24138575007
84.19999999999999 | 55 | 0 | 123.04753875732422 | 308762.2580610417
84.19999999999999 | 55 | 0 | 123.25066375732422 | 308762.2747363334
84.19999999999999 | 54 | 1 | 123.29753875732422 | 308762.30808691675
84.19999999999999 | 54 | 0 | 123.29753875732422 | 308762.3247622084
84.19999999999999 | 54 | 0 | 123.31316375732422 | 308762.3414375001
86.7 | 54 | 0 | 123.31316375732422 | 308762.3581127917
86.7 | 54 | 0 | 123.31316375732422 | 308762.37464791676
86.7 | 54 | 0 | 123.37566375732422 | 308762.3913227501
86.7 | 54 | 0 | 123.37566375732422 | 308762.4079975834
86.7 | 54 | 0 | 123.37566375732422 | 308762.42467241676
86.7 | 54 | 0 | 123.37566375732422 | 308762.4413472501
86.7 | 54 | 0 | 123.37566375732422 | 308762.4580220834
83.30000000000003 | 54 | 0 | 123.37566375732422 | 308762.47469691676
83.30000000000003 | 54 | 0 | 123.37566375732422 | 308762.4913717501
83.30000000000003 | 54 | 0 | 123.37566375732422 | 308762.5078837501
83.30000000000003 | 54 | 0 | 123.37566375732422 | 308762.52455812506
83.30000000000003 | 54 | 0 | 123.37566375732422 | 308762.54123250005
83.30000000000003 | 54 | 0 | 123.37566375732422 | 308762.5579068751
83.30000000000003 | 54 | 0 | 123.37566375732422 | 308762.5745812501
82.49999999999999 | 54 | 0 | 123.25066375732422 | 308762.59125562507
82.49999999999999 | 52 | 1 | 123.25066375732422 | 308762.63487004174
82.49999999999999 | 53 | 0 | 123.25066375732422 | 308762.6579531251
82.49999999999999 | 53 | 0 | 123.76628875732422 | 308762.67462750006
82.49999999999999 | 54 | 0 | 123.68816375732422 | 308762.69130187505
82.49999999999999 | 54 | 0 | 123.68816375732422 | 308762.7079762501
82.10000000000001 | 54 | 0 | 123.75066375732422 | 308762.7246506251
82.10000000000001 | 54 | 0 | 123.75066375732422 | 308762.74118450005
82.10000000000001 | 54 | 0 | 123.75066375732422 | 308762.7578584167
82.10000000000001 | 54 | 0 | 123.96941375732422 | 308762.7745323334
82.10000000000001 | 54 | 0 | 123.96941375732422 | 308762.7912062501
82.10000000000001 | 54 | 0 | 124.04753875732422 | 308762.80788016674
82.10000000000001 | 54 | 0 | 124.04753875732422 | 308762.8245540834
82.10000000000001 | 54 | 0 | 124.04753875732422 | 308762.84122800006
82.4 | 54 | 0 | 124.04753875732422 | 308762.8579019167
82.4 | 55 | 0 | 124.04753875732422 | 308762.8745758334
82.4 | 55 | 0 | 123.93816375732422 | 308762.89109179174
82.4 | 55 | 1 | 123.93816375732422 | 308762.92443862505
82.4 | 55 | 0 | 123.93816375732422 | 308762.9411120417
82.4 | 55 | 0 | 124.00066375732422 | 308762.9577854584
87.2 | 54 | 1 | 124.00066375732422 | 308762.99113229173
87.2 | 54 | 0 | 124.00066375732422 | 308763.0078057084
87.2 | 54 | 0 | 124.00066375732422 | 308763.02447912504
87.2 | 54 | 0 | 124.00066375732422 | 308763.0410069584
87.2 | 54 | 0 | 124.00066375732422 | 308763.0576799584
87.2 | 54 | 0 | 124.12566375732422 | 308763.0743529584
87.2 | 54 | 0 | 124.12566375732422 | 308763.0910259584
84.3 | 54 | 0 | 124.12566375732422 | 308763.1076989584
84.3 | 54 | 0 | 124.12566375732422 | 308763.1243719584
84.3 | 54 | 0 | 124.12566375732422 | 308763.1410449584
84.3 | 54 | 0 | 123.81316375732422 | 308763.1575675834
84.3 | 55 | 0 | 123.81316375732422 | 308763.1742400834
84.3 | 55 | 0 | 123.81316375732422 | 308763.1909125834
84.3 | 55 | 0 | 123.81316375732422 | 308763.2075850834
84.3 | 55 | 0 | 123.81316375732422 | 308763.2242575834
81.79999999999998 | 56 | 0 | 123.96941375732422 | 308763.2409300834
81.79999999999998 | 56 | 0 | 123.96941375732422 | 308763.2576025834
81.79999999999998 | 56 | 0 | 124.12566375732422 | 308763.2742750834
81.79999999999998 | 56 | 0 | 124.12566375732422 | 308763.2909475834
81.79999999999998 | 57 | 0 | 124.12566375732422 | 308763.3076200834
81.79999999999998 | 57 | 0 | 124.12566375732422 | 308763.3241483334
81.79999999999998 | 57 | 0 | 124.12566375732422 | 308763.3408203751
84.89999999999999 | 57 | 0 | 124.07878875732422 | 308763.35749241675
84.89999999999999 | 57 | 0 | 124.07878875732422 | 308763.3741644584
84.89999999999999 | 57 | 0 | 124.07878875732422 | 308763.39083650004
84.89999999999999 | 57 | 0 | 124.07878875732422 | 308763.4075085417
84.89999999999999 | 57 | 0 | 124.07878875732422 | 308763.4241805834
84.89999999999999 | 57 | 0 | 124.07878875732422 | 308763.4407033751
84.89999999999999 | 57 | 0 | 124.07878875732422 | 308763.45737500006
84.89999999999999 | 57 | 0 | 124.07878875732422 | 308763.4740466251
80.5 | 57 | 0 | 124.01628875732422 | 308763.49071825005
80.5 | 57 | 0 | 124.01628875732422 | 308763.50738987507
80.5 | 57 | 0 | 124.01628875732422 | 308763.5240615001
80.5 | 57 | 0 | 124.01628875732422 | 308763.54073312506
80.5 | 57 | 0 | 124.01628875732422 | 308763.5574047501
80.5 | 57 | 0 | 124.01628875732422 | 308763.57407637505
80.5 | 57 | 0 | 124.01628875732422 | 308763.5907480001
81.8 | 57 | 0 | 124.01628875732422 | 308763.60741962504
81.8 | 58 | 0 | 124.01628875732422 | 308763.62409125007
81.8 | 58 | 0 | 124.01628875732422 | 308763.6407628751
81.8 | 59 | 0 | 124.07878875732422 | 308763.65743450006
81.8 | 59 | 0 | 124.07878875732422 | 308763.6741061251
81.8 | 59 | 0 | 124.07878875732422 | 308763.69077775005
81.8 | 59 | 0 | 124.07878875732422 | 308763.70744937507
81.8 | 59 | 0 | 124.07878875732422 | 308763.7241210001
80.49999999999999 | 59 | 0 | 124.07878875732422 | 308763.74079262506
80.49999999999999 | 59 | 0 | 124.07878875732422 | 308763.7574642501
80.49999999999999 | 59 | 0 | 124.14128875732422 | 308763.7739832501
80.49999999999999 | 59 | 0 | 124.14128875732422 | 308763.79065437504
80.49999999999999 | 59 | 0 | 124.14128875732422 | 308763.80732550006
80.49999999999999 | 59 | 0 | 124.14128875732422 | 308763.8239966251
80.49999999999999 | 59 | 0 | 124.14128875732422 | 308763.84066775005
84.2 | 59 | 0 | 124.14128875732422 | 308763.85733887507
84.2 | 59 | 0 | 124.14128875732422 | 308763.8740100001
84.2 | 59 | 0 | 124.14128875732422 | 308763.89068112505
84.2 | 59 | 0 | 124.14128875732422 | 308763.90735225007
84.2 | 60 | 0 | 124.14128875732422 | 308763.9240233751
84.2 | 60 | 0 | 124.14128875732422 | 308763.94069450005
84.2 | 60 | 0 | 124.14128875732422 | 308763.9573656251
84.2 | 60 | 0 | 124.14128875732422 | 308763.9740367501
80.89999999999999 | 60 | 0 | 124.01628875732422 | 308763.99070787505
80.89999999999999 | 60 | 0 | 124.01628875732422 | 308764.0073790001
80.89999999999999 | 60 | 0 | 124.03191375732422 | 308764.0240501251
80.89999999999999 | 59 | 1 | 124.03191375732422 | 308764.0672752084
80.89999999999999 | 59 | 0 | 123.65691375732422 | 308764.09073462506
80.89999999999999 | 59 | 0 | 123.65691375732422 | 308764.1074057501
80.99999999999999 | 59 | 0 | 123.65691375732422 | 308764.12407687504
80.99999999999999 | 59 | 0 | 123.65691375732422 | 308764.14074800006
80.99999999999999 | 59 | 0 | 123.86003875732422 | 308764.1574191251
80.99999999999999 | 58 | 1 | 123.86003875732422 | 308764.19076137507
80.99999999999999 | 58 | 0 | 123.86003875732422 | 308764.2074325001
80.99999999999999 | 58 | 0 | 124.06316375732422 | 308764.22410362505
81.99999999999999 | 58 | 0 | 124.06316375732422 | 308764.24077475007
81.99999999999999 | 58 | 0 | 124.06316375732422 | 308764.2574458751
81.99999999999999 | 58 | 0 | 124.11003875732422 | 308764.27411700005
81.99999999999999 | 58 | 0 | 124.11003875732422 | 308764.2907881251
81.99999999999999 | 58 | 0 | 124.11003875732422 | 308764.3074592501
81.99999999999999 | 56 | 1 | 124.11003875732422 | 308764.35099704174
78.49999999999999 | 55 | 0 | 124.17253875732422 | 308764.3742901667
78.49999999999999 | 55 | 0 | 124.17253875732422 | 308764.39096154174
78.49999999999999 | 55 | 0 | 122.86003875732422 | 308764.40763291676
78.49999999999999 | 55 | 0 | 122.86003875732422 | 308764.4243042917
78.49999999999999 | 55 | 0 | 122.86003875732422 | 308764.4411117501
78.49999999999999 | 55 | 0 | 122.86003875732422 | 308764.45778354176
78.49999999999999 | 55 | 0 | 122.86003875732422 | 308764.4744553334
82.9 | 55 | 0 | 122.86003875732422 | 308764.49112712505
82.9 | 55 | 0 | 122.86003875732422 | 308764.5077989167
82.9 | 55 | 0 | 122.86003875732422 | 308764.5244707084
82.9 | 55 | 0 | 122.86003875732422 | 308764.54127504176
82.9 | 55 | 0 | 122.86003875732422 | 308764.5579472501
82.9 | 55 | 0 | 122.79753875732422 | 308764.5746194584
82.9 | 54 | 1 | 122.79753875732422 | 308764.60796387505
81.6 | 54 | 0 | 122.79753875732422 | 308764.6246360834
81.6 | 54 | 0 | 122.86003875732422 | 308764.64130829176
81.6 | 53 | 1 | 122.86003875732422 | 308764.6748152084
81.6 | 53 | 0 | 122.86003875732422 | 308764.69148787507
81.6 | 53 | 0 | 122.86003875732422 | 308764.7081605417
81.6 | 53 | 0 | 122.86003875732422 | 308764.7248332084
81.6 | 53 | 0 | 122.86003875732422 | 308764.7415058751
83.39999999999998 | 53 | 0 | 122.81316375732422 | 308764.75832654175
83.39999999999998 | 53 | 0 | 122.81316375732422 | 308764.7749996667
83.39999999999998 | 53 | 0 | 122.79753875732422 | 308764.79167279176
83.39999999999998 | 53 | 0 | 122.79753875732422 | 308764.80834591674
83.39999999999998 | 53 | 0 | 122.79753875732422 | 308764.8250190417
83.39999999999998 | 53 | 0 | 122.54753875732422 | 308764.84169216675
83.39999999999998 | 53 | 0 | 122.54753875732422 | 308764.85836529173
83.49999999999999 | 53 | 0 | 122.54753875732422 | 308764.87517991674
83.49999999999999 | 53 | 0 | 122.54753875732422 | 308764.89185341675
83.49999999999999 | 53 | 0 | 122.54753875732422 | 308764.90852691676
83.49999999999999 | 53 | 0 | 122.76628875732422 | 308764.9252004167
83.49999999999999 | 53 | 0 | 122.76628875732422 | 308764.9418739167
83.49999999999999 | 53 | 0 | 122.78191375732422 | 308764.9585474167
82.39999999999999 | 52 | 1 | 122.78191375732422 | 308765.00187012507
82.39999999999999 | 51 | 0 | 122.78191375732422 | 308765.0253860834
82.39999999999999 | 52 | 0 | 123.71941375732422 | 308765.04206004174
82.39999999999999 | 53 | 0 | 123.65691375732422 | 308765.0587340001
82.39999999999999 | 53 | 0 | 123.65691375732422 | 308765.0754079584
79.6 | 53 | 0 | 123.65691375732422 | 308765.0922133334
79.6 | 52 | 1 | 123.65691375732422 | 308765.1355912084
79.6 | 51 | 0 | 123.50066375732422 | 308765.1589106667
79.6 | 52 | 0 | 123.50066375732422 | 308765.1755850001
79.6 | 52 | 0 | 123.50066375732422 | 308765.1922593334
79.6 | 52 | 0 | 123.50066375732422 | 308765.20893366676
79.6 | 52 | 0 | 123.50066375732422 | 308765.22575150005
80.7 | 52 | 0 | 123.68816375732422 | 308765.2424262084
80.7 | 52 | 0 | 123.70378875732422 | 308765.25910091674
80.7 | 52 | 0 | 123.68816375732422 | 308765.2757756251
80.7 | 51 | 1 | 123.68816375732422 | 308765.3091250417
80.7 | 52 | 0 | 123.68816375732422 | 308765.32579975005
80.7 | 53 | 0 | 123.68816375732422 | 308765.3426137084
83.3 | 52 | 1 | 123.68816375732422 | 308765.3759639584
83.3 | 52 | 0 | 123.68816375732422 | 308765.3926390834
83.3 | 52 | 0 | 123.81316375732422 | 308765.4093142084
83.3 | 52 | 0 | 123.81316375732422 | 308765.4259893334
83.3 | 52 | 0 | 123.81316375732422 | 308765.4426644584
83.3 | 52 | 0 | 123.87566375732422 | 308765.4593395834
83.3 | 52 | 0 | 123.87566375732422 | 308765.4760147084
83.7 | 52 | 0 | 123.87566375732422 | 308765.4926898334
83.7 | 51 | 1 | 123.87566375732422 | 308765.53732387506
83.7 | 50 | 0 | 123.87566375732422 | 308765.5595313334
83.7 | 50 | 0 | 123.87566375732422 | 308765.5762068751
83.7 | 51 | 0 | 123.87566375732422 | 308765.59288241673
83.7 | 51 | 0 | 123.87566375732422 | 308765.6095579584
80.09999999999998 | 51 | 0 | 123.87566375732422 | 308765.6262335001
80.09999999999998 | 51 | 0 | 123.81316375732422 | 308765.6429090417
80.09999999999998 | 52 | 0 | 123.81316375732422 | 308765.6595845834
80.09999999999998 | 52 | 0 | 123.81316375732422 | 308765.6764405834
80.09999999999998 | 51 | 1 | 123.81316375732422 | 308765.71960829175
78.10000000000001 | 50 | 0 | 123.81316375732422 | 308765.7431447501
78.10000000000001 | 50 | 0 | 123.81316375732422 | 308765.7598207917
78.10000000000001 | 50 | 0 | 123.75066375732422 | 308765.7764968334
78.10000000000001 | 50 | 0 | 123.75066375732422 | 308765.79317287507
78.10000000000001 | 50 | 0 | 123.75066375732422 | 308765.8098489167
78.10000000000001 | 50 | 0 | 123.75066375732422 | 308765.8265249584
78.10000000000001 | 50 | 0 | 123.75066375732422 | 308765.84320100007
78.10000000000001 | 50 | 0 | 123.75066375732422 | 308765.8598770417
81.7 | 50 | 0 | 123.75066375732422 | 308765.8765530834
81.7 | 50 | 0 | 123.75066375732422 | 308765.89338266675
81.7 | 49 | 1 | 123.75066375732422 | 308765.9368074167
81.7 | 48 | 0 | 123.75066375732422 | 308765.96008850005
81.7 | 49 | 0 | 123.75066375732422 | 308765.9767649584
79.89999999999998 | 50 | 0 | 123.75066375732422 | 308765.9934414167
79.89999999999998 | 50 | 0 | 123.75066375732422 | 308766.01011787506
79.89999999999998 | 50 | 0 | 123.75066375732422 | 308766.0267943334
79.89999999999998 | 50 | 0 | 123.75066375732422 | 308766.0434707917
79.89999999999998 | 50 | 0 | 123.75066375732422 | 308766.0601472501
79.89999999999998 | 50 | 0 | 123.43816375732422 | 308766.0768237084
79.89999999999998 | 50 | 1 | 123.43816375732422 | 308766.1101766251
79.89999999999999 | 51 | 0 | 123.43816375732422 | 308766.1268530834
79.89999999999999 | 51 | 0 | 123.65691375732422 | 308766.14352954173
79.89999999999999 | 50 | 1 | 123.68816375732422 | 308766.1768824584
79.89999999999999 | 50 | 0 | 123.68816375732422 | 308766.19355891674
79.89999999999999 | 50 | 0 | 123.68816375732422 | 308766.2102353751
79.89999999999999 | 50 | 0 | 123.68816375732422 | 308766.2269118334
79.89999999999999 | 50 | 0 | 123.68816375732422 | 308766.24358829175
81.59999999999998 | 50 | 0 | 123.62566375732422 | 308766.26026475005
81.59999999999998 | 50 | 0 | 123.62566375732422 | 308766.2769412084
81.59999999999998 | 51 | 0 | 123.62566375732422 | 308766.29361766676
81.59999999999998 | 51 | 0 | 123.62566375732422 | 308766.31029412505
81.59999999999998 | 51 | 0 | 123.62566375732422 | 308766.3269705834
81.59999999999998 | 51 | 0 | 123.50066375732422 | 308766.3436470417
81.59999999999998 | 52 | 0 | 123.50066375732422 | 308766.36032350006
82.69999999999997 | 52 | 0 | 123.50066375732422 | 308766.3769999584
82.69999999999997 | 52 | 0 | 123.50066375732422 | 308766.3936764167
82.69999999999997 | 52 | 0 | 123.50066375732422 | 308766.4103528751
82.69999999999997 | 52 | 0 | 123.51628875732422 | 308766.4270293334
82.69999999999997 | 52 | 0 | 123.51628875732422 | 308766.4437057917
82.69999999999997 | 52 | 0 | 123.56316375732422 | 308766.4603822501
85.4 | 51 | 1 | 123.56316375732422 | 308766.49373516673
85.4 | 52 | 0 | 123.56316375732422 | 308766.5104116251
85.4 | 53 | 0 | 123.43816375732422 | 308766.5270880834
85.4 | 52 | 1 | 123.43816375732422 | 308766.5605918334
85.4 | 52 | 0 | 123.43816375732422 | 308766.5772688751
85.4 | 52 | 0 | 123.50066375732422 | 308766.59394591674
86.1 | 51 | 1 | 123.50066375732422 | 308766.62730000005
86.1 | 51 | 0 | 123.50066375732422 | 308766.6439770417
86.1 | 51 | 0 | 123.50066375732422 | 308766.6606540834
86.1 | 51 | 0 | 123.50066375732422 | 308766.6774961667
86.1 | 52 | 0 | 123.50066375732422 | 308766.6941736667
86.1 | 53 | 0 | 123.50066375732422 | 308766.71085116675
86.1 | 53 | 0 | 123.50066375732422 | 308766.7275286667
86.7 | 53 | 0 | 123.50066375732422 | 308766.7442061667
86.7 | 53 | 0 | 123.50066375732422 | 308766.76088366675
86.7 | 53 | 0 | 123.50066375732422 | 308766.77756116673
86.7 | 53 | 0 | 123.25066375732422 | 308766.7942386667
86.7 | 53 | 0 | 123.25066375732422 | 308766.81091616675
86.7 | 53 | 0 | 123.25066375732422 | 308766.82759366673
86.7 | 53 | 0 | 123.25066375732422 | 308766.8442711667
86.7 | 53 | 0 | 123.25066375732422 | 308766.86094866676
83.6 | 53 | 0 | 123.46941375732422 | 308766.87762616674
83.6 | 53 | 0 | 123.46941375732422 | 308766.8943036667
83.6 | 54 | 0 | 123.56316375732422 | 308766.91098116676
83.6 | 55 | 0 | 123.56316375732422 | 308766.92765866674
83.6 | 55 | 0 | 123.56316375732422 | 308766.9443361667
83.6 | 55 | 0 | 123.56316375732422 | 308766.96087179176
83.6 | 55 | 0 | 123.56316375732422 | 308766.97754875006
85.30000000000003 | 55 | 0 | 123.50066375732422 | 308766.9942257084
85.30000000000003 | 54 | 1 | 123.50066375732422 | 308767.0275796251
85.30000000000003 | 54 | 0 | 123.50066375732422 | 308767.0442565834
85.30000000000003 | 54 | 0 | 123.50066375732422 | 308767.06093354174
85.30000000000003 | 54 | 0 | 123.50066375732422 | 308767.0941360834
85.30000000000003 | 54 | 0 | 123.50066375732422 | 308767.1108126251
85.99999999999999 | 54 | 0 | 123.56316375732422 | 308767.12748916674
85.99999999999999 | 54 | 0 | 123.56316375732422 | 308767.1441657084
85.99999999999999 | 55 | 0 | 123.56316375732422 | 308767.16084225004
85.99999999999999 | 55 | 0 | 123.56316375732422 | 308767.17751879175
85.99999999999999 | 55 | 0 | 123.56316375732422 | 308767.1941953334
85.99999999999999 | 55 | 0 | 123.56316375732422 | 308767.2107019167
85.99999999999999 | 55 | 0 | 123.56316375732422 | 308767.22737791674
85.99999999999999 | 55 | 0 | 123.56316375732422 | 308767.2440539167
86.1 | 55 | 0 | 123.31316375732422 | 308767.26072991674
86.1 | 55 | 0 | 123.31316375732422 | 308767.2774059167
86.1 | 55 | 0 | 123.31316375732422 | 308767.2939502084
86.1 | 55 | 0 | 123.31316375732422 | 308767.3106258334
86.1 | 55 | 0 | 123.31316375732422 | 308767.3273014584
86.1 | 55 | 0 | 118.79753875732422 | 308767.3439770834
86.1 | 55 | 0 | 118.79753875732422 | 308767.3606527084
86.6 | 55 | 0 | 118.84441375732422 | 308767.3773283334
86.6 | 55 | 0 | 118.84441375732422 | 308767.3940039584
86.6 | 55 | 0 | 118.84441375732422 | 308767.4106795834
86.6 | 55 | 0 | 118.84441375732422 | 308767.4273552084
86.6 | 55 | 0 | 118.86003875732422 | 308767.4440308334
86.6 | 55 | 0 | 118.67253875732422 | 308767.4607064584
85.0 | 55 | 1 | 118.67253875732422 | 308767.4941945417
85.0 | 55 | 0 | 118.67253875732422 | 308767.5108705834
85.0 | 55 | 0 | 118.70378875732422 | 308767.52754662506
85.0 | 55 | 1 | 118.90691375732422 | 308767.5608987084
85.0 | 55 | 0 | 118.90691375732422 | 308767.57757475006
85.0 | 55 | 0 | 118.90691375732422 | 308767.5942507917
85.0 | 56 | 0 | 118.90691375732422 | 308767.6109268334
85.0 | 56 | 0 | 118.90691375732422 | 308767.62760287506
85.3 | 56 | 0 | 118.84441375732422 | 308767.64427891676
85.3 | 56 | 0 | 118.84441375732422 | 308767.6609549584
85.3 | 56 | 0 | 118.84441375732422 | 308767.67763100006
85.3 | 55 | 1 | 118.84441375732422 | 308767.72104066674
81.89999999999998 | 54 | 0 | 118.84441375732422 | 308767.7444700417
81.89999999999998 | 54 | 0 | 121.71941375732422 | 308767.7611464584
81.89999999999998 | 54 | 0 | 121.71941375732422 | 308767.77782287507
81.89999999999998 | 54 | 0 | 121.71941375732422 | 308767.79449929175
81.89999999999998 | 54 | 0 | 121.71941375732422 | 308767.8113174584
81.89999999999998 | 53 | 1 | 121.71941375732422 | 308767.8548720834
81.9 | 52 | 0 | 121.65691375732422 | 308767.8780247917
81.9 | 52 | 0 | 121.65691375732422 | 308767.89470162505
81.9 | 52 | 0 | 121.65691375732422 | 308767.9113784584
81.9 | 52 | 0 | 121.65691375732422 | 308767.92805529176
81.9 | 52 | 0 | 121.46941375732422 | 308767.9447321251
81.9 | 51 | 1 | 121.46941375732422 | 308767.97808579175
84.20000000000002 | 51 | 0 | 121.46941375732422 | 308767.9947626251
84.20000000000002 | 52 | 0 | 121.65691375732422 | 308768.0114394584
84.20000000000002 | 51 | 1 | 121.78191375732422 | 308768.04479312507
84.20000000000002 | 51 | 0 | 121.78191375732422 | 308768.0614699584
84.20000000000002 | 52 | 0 | 121.78191375732422 | 308768.0781467917
84.20000000000002 | 52 | 0 | 121.78191375732422 | 308768.09482362506
84.20000000000002 | 52 | 0 | 121.78191375732422 | 308768.1115004584
85.8 | 52 | 0 | 121.71941375732422 | 308768.1281772917
85.8 | 52 | 0 | 121.71941375732422 | 308768.14485412504
85.8 | 52 | 0 | 121.71941375732422 | 308768.1615309584
85.8 | 52 | 0 | 121.71941375732422 | 308768.17820779176
85.8 | 52 | 0 | 121.71941375732422 | 308768.1948846251
85.8 | 52 | 0 | 121.78191375732422 | 308768.2115614584
85.8 | 52 | 0 | 121.78191375732422 | 308768.22823829175
85.8 | 52 | 0 | 121.78191375732422 | 308768.2449151251
85.8 | 52 | 0 | 121.78191375732422 | 308768.2615919584
85.8 | 52 | 0 | 121.78191375732422 | 308768.27826879174
85.8 | 52 | 0 | 121.78191375732422 | 308768.29494562506
85.8 | 52 | 0 | 121.78191375732422 | 308768.3116224584
85.8 | 52 | 0 | 121.78191375732422 | 308768.3282992917
85.8 | 52 | 0 | 121.78191375732422 | 308768.34497612505
85.8 | 52 | 0 | 121.78191375732422 | 308768.3616529584
83.6 | 52 | 0 | 121.78191375732422 | 308768.3783297917
83.6 | 52 | 0 | 121.78191375732422 | 308768.39500662504
83.6 | 52 | 0 | 121.46941375732422 | 308768.4116834584
83.6 | 51 | 1 | 121.46941375732422 | 308768.4556287917
83.6 | 51 | 0 | 121.46941375732422 | 308768.47839079174
83.6 | 51 | 0 | 122.87566375732422 | 308768.4950676251
82.80000000000003 | 51 | 0 | 123.21941375732422 | 308768.5117444584
82.80000000000003 | 51 | 0 | 123.21941375732422 | 308768.52842129173
82.80000000000003 | 52 | 0 | 123.21941375732422 | 308768.54524437507
82.80000000000003 | 51 | 1 | 123.21941375732422 | 308768.5885867501
82.80000000000003 | 50 | 0 | 123.21941375732422 | 308768.6119527084
82.80000000000003 | 50 | 0 | 123.21941375732422 | 308768.6286297917
79.79999999999998 | 50 | 0 | 123.09441375732422 | 308768.64530687506
79.79999999999998 | 50 | 0 | 123.09441375732422 | 308768.6619839584
79.79999999999998 | 50 | 0 | 123.09441375732422 | 308768.67882966675
79.79999999999998 | 51 | 0 | 123.09441375732422 | 308768.6955072501
79.79999999999998 | 52 | 0 | 123.09441375732422 | 308768.7121848334
79.79999999999998 | 52 | 0 | 123.15691375732422 | 308768.72886241676
81.9 | 52 | 0 | 123.15691375732422 | 308768.7455400001
81.9 | 52 | 0 | 123.18816375732422 | 308768.7622175834
81.9 | 51 | 1 | 123.18816375732422 | 308768.80580941675
81.9 | 51 | 0 | 123.18816375732422 | 308768.8289279167
81.9 | 52 | 0 | 123.18816375732422 | 308768.8457423334
81.9 | 52 | 0 | 123.18816375732422 | 308768.8624202501
79.39999999999999 | 52 | 0 | 123.18816375732422 | 308768.8790981667
79.39999999999999 | 52 | 0 | 123.18816375732422 | 308768.8957760834
79.39999999999999 | 52 | 0 | 123.18816375732422 | 308768.9124540001
79.39999999999999 | 52 | 0 | 123.18816375732422 | 308768.9291319167
79.39999999999999 | 52 | 0 | 122.81316375732422 | 308768.9458098334
79.39999999999999 | 53 | 0 | 122.81316375732422 | 308768.96248775005
79.39999999999999 | 53 | 0 | 122.81316375732422 | 308768.9793155834
83.59999999999998 | 53 | 0 | 122.81316375732422 | 308768.9959939584
83.59999999999998 | 53 | 0 | 122.81316375732422 | 308769.0126723334
83.59999999999998 | 54 | 0 | 123.06316375732422 | 308769.0293507084
83.59999999999998 | 54 | 0 | 123.06316375732422 | 308769.0460290834
83.59999999999998 | 54 | 0 | 123.12566375732422 | 308769.0627074584
83.59999999999998 | 54 | 0 | 123.12566375732422 | 308769.0793858334
83.59999999999998 | 54 | 0 | 123.12566375732422 | 308769.0960642084
83.59999999999998 | 54 | 0 | 123.12566375732422 | 308769.11288637505
80.69999999999999 | 54 | 0 | 123.12566375732422 | 308769.12956525007
80.69999999999999 | 54 | 0 | 123.12566375732422 | 308769.1462441251
80.69999999999999 | 53 | 1 | 123.12566375732422 | 308769.1796018751
80.69999999999999 | 53 | 0 | 123.12566375732422 | 308769.1962807501
80.69999999999999 | 53 | 0 | 123.18816375732422 | 308769.21295962506
80.69999999999999 | 52 | 1 | 123.18816375732422 | 308769.24644887506
86.59999999999998 | 52 | 0 | 123.18816375732422 | 308769.26312812505
86.59999999999998 | 52 | 0 | 123.18816375732422 | 308769.27980737505
86.59999999999998 | 52 | 0 | 123.18816375732422 | 308769.29648662504
86.59999999999998 | 52 | 0 | 123.18816375732422 | 308769.3131658751
86.59999999999998 | 52 | 0 | 123.18816375732422 | 308769.3298451251
86.59999999999998 | 52 | 0 | 123.18816375732422 | 308769.3465243751
86.59999999999998 | 52 | 0 | 123.18816375732422 | 308769.3632036251
85.29999999999998 | 52 | 0 | 123.18816375732422 | 308769.3800283751
85.29999999999998 | 52 | 0 | 123.18816375732422 | 308769.39670800004
85.29999999999998 | 52 | 0 | 122.82878875732422 | 308769.41338762507
85.29999999999998 | 53 | 0 | 122.82878875732422 | 308769.43006725004
85.29999999999998 | 54 | 0 | 122.82878875732422 | 308769.44674687507
85.29999999999998 | 54 | 0 | 122.82878875732422 | 308769.4634265001
85.29999999999998 | 54 | 0 | 122.82878875732422 | 308769.48010612506
85.3 | 54 | 0 | 123.07878875732422 | 308769.4967857501
85.3 | 54 | 0 | 123.07878875732422 | 308769.51346537506
85.3 | 54 | 0 | 123.12566375732422 | 308769.53030041675
85.3 | 54 | 0 | 123.12566375732422 | 308769.54698050005
85.3 | 55 | 0 | 123.12566375732422 | 308769.5636605834
85.3 | 56 | 0 | 123.12566375732422 | 308769.58034066675
85.3 | 56 | 0 | 123.12566375732422 | 308769.59702075005
85.3 | 56 | 0 | 123.12566375732422 | 308769.6137008334
84.80000000000001 | 55 | 1 | 123.12566375732422 | 308769.64706100005
84.80000000000001 | 55 | 0 | 123.12566375732422 | 308769.6637410834
84.80000000000001 | 55 | 0 | 123.12566375732422 | 308769.68042116676
84.80000000000001 | 54 | 1 | 123.12566375732422 | 308769.71394050005
84.80000000000001 | 54 | 0 | 123.12566375732422 | 308769.73062104173
87.80000000000001 | 54 | 0 | 123.12566375732422 | 308769.7473015834
87.80000000000001 | 54 | 0 | 123.12566375732422 | 308769.7639821251
87.80000000000001 | 55 | 0 | 123.12566375732422 | 308769.7806626667
87.80000000000001 | 56 | 0 | 123.06316375732422 | 308769.7973432084
87.80000000000001 | 56 | 0 | 123.06316375732422 | 308769.8140237501
87.80000000000001 | 56 | 0 | 123.06316375732422 | 308769.83070429176
87.80000000000001 | 56 | 0 | 123.06316375732422 | 308769.84751741675
87.80000000000001 | 56 | 0 | 123.06316375732422 | 308769.8641983751
84.19999999999999 | 56 | 0 | 122.87566375732422 | 308769.8808793334
84.19999999999999 | 56 | 0 | 122.87566375732422 | 308769.89756029175
84.19999999999999 | 56 | 0 | 122.87566375732422 | 308769.9142412501
84.19999999999999 | 56 | 0 | 122.87566375732422 | 308769.9309222084
84.19999999999999 | 56 | 0 | 122.87566375732422 | 308769.94760316674
84.19999999999999 | 56 | 0 | 123.06316375732422 | 308769.9642841251
84.19999999999999 | 56 | 0 | 123.06316375732422 | 308769.9809650834
84.19999999999999 | 56 | 0 | 123.12566375732422 | 308769.99764604174
84.19999999999999 | 55 | 1 | 123.12566375732422 | 308770.0412800834
84.19999999999999 | 54 | 0 | 123.12566375732422 | 308770.06436987506
84.19999999999999 | 54 | 0 | 123.12566375732422 | 308770.0811846667
84.19999999999999 | 54 | 0 | 123.06316375732422 | 308770.09786604176
80.0 | 53 | 1 | 123.06316375732422 | 308770.1416104584
80.0 | 53 | 0 | 123.06316375732422 | 308770.16459154175
80.0 | 53 | 0 | 123.06316375732422 | 308770.1812729167
80.0 | 53 | 0 | 123.18816375732422 | 308770.1979542917
80.0 | 53 | 0 | 123.18816375732422 | 308770.21463566675
80.0 | 54 | 0 | 123.18816375732422 | 308770.23145687504
80.0 | 54 | 0 | 123.18816375732422 | 308770.2481385834
80.0 | 54 | 0 | 123.18816375732422 | 308770.2648202917
81.6 | 54 | 0 | 123.18816375732422 | 308770.28150200006
81.6 | 54 | 0 | 123.18816375732422 | 308770.2981837084
81.6 | 54 | 0 | 123.12566375732422 | 308770.31486541673
81.6 | 53 | 1 | 123.12566375732422 | 308770.3586250834
78.69999999999999 | 52 | 0 | 123.12566375732422 | 308770.3815922501
78.69999999999999 | 52 | 0 | 123.56316375732422 | 308770.3982739584
78.69999999999999 | 52 | 0 | 123.31316375732422 | 308770.41508675006
78.69999999999999 | 52 | 0 | 123.31316375732422 | 308770.4317689167
78.69999999999999 | 52 | 0 | 123.31316375732422 | 308770.4484510834
78.69999999999999 | 52 | 0 | 123.31316375732422 | 308770.46513325005
78.69999999999999 | 52 | 0 | 123.31316375732422 | 308770.4818154167
78.69999999999999 | 52 | 0 | 123.45378875732422 | 308770.4984975834
81.9 | 52 | 0 | 123.45378875732422 | 308770.51517975004
81.9 | 52 | 0 | 123.50066375732422 | 308770.5318619167
81.9 | 52 | 0 | 123.50066375732422 | 308770.5485440834
81.9 | 52 | 0 | 123.50066375732422 | 308770.5652262501
81.9 | 52 | 0 | 123.50066375732422 | 308770.58190841676
81.9 | 52 | 0 | 123.50066375732422 | 308770.5985905834
82.29999999999998 | 52 | 0 | 123.56316375732422 | 308770.6152727501
82.29999999999998 | 52 | 1 | 123.56316375732422 | 308770.6594737917
82.29999999999998 | 51 | 0 | 123.56316375732422 | 308770.68216116674
82.29999999999998 | 52 | 0 | 123.56316375732422 | 308770.69884375005
82.29999999999998 | 52 | 0 | 123.56316375732422 | 308770.7155263334
82.29999999999998 | 52 | 0 | 123.56316375732422 | 308770.73220891674
84.3 | 52 | 0 | 123.56316375732422 | 308770.74889150006
84.3 | 51 | 1 | 123.56316375732422 | 308770.7827832084
84.3 | 51 | 0 | 123.50066375732422 | 308770.79893925006
84.3 | 51 | 0 | 123.50066375732422 | 308770.8156218334
84.3 | 51 | 0 | 123.50066375732422 | 308770.83230441675
84.3 | 51 | 0 | 123.50066375732422 | 308770.84911829175
84.3 | 51 | 0 | 123.50066375732422 | 308770.8658012501
84.2 | 51 | 0 | 123.50066375732422 | 308770.8824842084
84.2 | 51 | 0 | 123.50066375732422 | 308770.89916716673
84.2 | 51 | 0 | 123.25066375732422 | 308770.9158501251
84.2 | 50 | 1 | 123.25066375732422 | 308770.9593442917
84.2 | 49 | 0 | 123.25066375732422 | 308770.9825819584
84.2 | 49 | 0 | 123.31316375732422 | 308770.99926491675
80.39999999999998 | 50 | 0 | 123.56316375732422 | 308771.01594787504
80.39999999999998 | 51 | 0 | 123.56316375732422 | 308771.0326308334
80.39999999999998 | 51 | 0 | 123.62566375732422 | 308771.04931379174
80.39999999999998 | 50 | 1 | 123.62566375732422 | 308771.0925504167
80.39999999999998 | 50 | 0 | 123.62566375732422 | 308771.11604562507
78.29999999999998 | 51 | 0 | 123.62566375732422 | 308771.1327285834
78.29999999999998 | 51 | 0 | 123.68816375732422 | 308771.14941154176
78.29999999999998 | 50 | 1 | 123.68816375732422 | 308771.1928564584
78.29999999999998 | 49 | 0 | 123.68816375732422 | 308771.2161433751
78.29999999999998 | 49 | 0 | 123.81316375732422 | 308771.2328263334
77.89999999999999 | 49 | 0 | 123.81316375732422 | 308771.2495092917
77.89999999999999 | 49 | 0 | 123.81316375732422 | 308771.26619225007
77.89999999999999 | 49 | 0 | 123.81316375732422 | 308771.2828752084
77.89999999999999 | 48 | 1 | 123.82878875732422 | 308771.32627091673
77.89999999999999 | 49 | 0 | 123.82878875732422 | 308771.34960704175
77.89999999999999 | 49 | 0 | 123.84441375732422 | 308771.3662900001
76.70000000000002 | 49 | 0 | 123.84441375732422 | 308771.3829729584
76.70000000000002 | 48 | 1 | 123.84441375732422 | 308771.4268035834
76.70000000000002 | 47 | 0 | 123.84441375732422 | 308771.44984441675
76.70000000000002 | 47 | 0 | 123.84441375732422 | 308771.4665275834
76.70000000000002 | 47 | 0 | 123.84441375732422 | 308771.48321075004
75.49999999999999 | 46 | 1 | 123.84441375732422 | 308771.5165770834
75.49999999999999 | 46 | 0 | 123.84441375732422 | 308771.53326025006
75.49999999999999 | 46 | 0 | 123.84441375732422 | 308771.5499434167
75.49999999999999 | 46 | 0 | 123.84441375732422 | 308771.5666265834
75.49999999999999 | 46 | 0 | 123.84441375732422 | 308771.5833097501
75.49999999999999 | 46 | 0 | 123.65691375732422 | 308771.59999291674
75.49999999999999 | 46 | 0 | 123.65691375732422 | 308771.6166760834
80.5 | 47 | 0 | 123.65691375732422 | 308771.63350029173
80.5 | 48 | 0 | 123.65691375732422 | 308771.65018391673
80.5 | 48 | 0 | 123.65691375732422 | 308771.66686754173
80.5 | 48 | 0 | 123.53191375732422 | 308771.68355116673
80.5 | 48 | 0 | 123.53191375732422 | 308771.70023479173
80.5 | 48 | 0 | 123.53191375732422 | 308771.7169184167
80.5 | 47 | 1 | 123.53191375732422 | 308771.76017937507
76.6 | 47 | 0 | 123.71941375732422 | 308771.7836529167
76.6 | 47 | 0 | 123.71941375732422 | 308771.8003365417
76.6 | 47 | 0 | 123.78191375732422 | 308771.81715783343
76.6 | 47 | 0 | 123.78191375732422 | 308771.8338418334
76.6 | 47 | 0 | 123.78191375732422 | 308771.8505258334
76.6 | 47 | 0 | 123.78191375732422 | 308771.8672098334
78.8 | 47 | 0 | 123.78191375732422 | 308771.8838938334
78.8 | 47 | 0 | 123.71941375732422 | 308771.9005778334
78.8 | 47 | 1 | 123.71941375732422 | 308771.9339458334
78.8 | 48 | 0 | 123.71941375732422 | 308771.9506298334
78.8 | 48 | 0 | 123.53191375732422 | 308771.9673138334
78.8 | 47 | 1 | 123.53191375732422 | 308772.0006818334
82.4 | 47 | 0 | 123.53191375732422 | 308772.0173658334
82.4 | 47 | 0 | 123.67253875732422 | 308772.0341863751
82.4 | 47 | 1 | 123.78191375732422 | 308772.0675552084
82.4 | 48 | 0 | 123.78191375732422 | 308772.0842396251
82.4 | 48 | 0 | 123.65691375732422 | 308772.10092404176
90.50000000000001 | 47 | 1 | 123.65691375732422 | 308772.13429287507
90.50000000000001 | 47 | 0 | 123.65691375732422 | 308772.15097729175
90.50000000000001 | 48 | 0 | 123.65691375732422 | 308772.1676617084
90.50000000000001 | 49 | 0 | 123.65691375732422 | 308772.18434612505
90.50000000000001 | 49 | 0 | 123.65691375732422 | 308772.20103054174
90.50000000000001 | 49 | 0 | 123.59441375732422 | 308772.2177149584
90.50000000000001 | 49 | 0 | 123.59441375732422 | 308772.23439937504
87.8 | 49 | 0 | 123.59441375732422 | 308772.25122462504
87.8 | 49 | 0 | 123.59441375732422 | 308772.2679093751
87.8 | 49 | 0 | 123.59441375732422 | 308772.28459412506
87.8 | 50 | 0 | 123.81316375732422 | 308772.3012788751
87.8 | 51 | 0 | 123.81316375732422 | 308772.3179636251
87.8 | 51 | 0 | 123.86003875732422 | 308772.33464837505
87.8 | 50 | 1 | 123.86003875732422 | 308772.36801787507
86.2 | 50 | 0 | 123.86003875732422 | 308772.38470262504
86.2 | 51 | 0 | 116.57878875732422 | 308772.4013873751
86.2 | 51 | 1 | 116.57878875732422 | 308772.4347568751
86.2 | 51 | 0 | 116.57878875732422 | 308772.4514416251
86.2 | 51 | 0 | 116.57878875732422 | 308772.46812637505
86.2 | 51 | 1 | 116.57878875732422 | 308772.5016407084
87.3 | 51 | 0 | 116.57878875732422 | 308772.5183259584
87.3 | 51 | 0 | 116.57878875732422 | 308772.5350112084
87.3 | 51 | 0 | 116.57878875732422 | 308772.5516964584
87.3 | 51 | 0 | 116.57878875732422 | 308772.5683817084
87.3 | 51 | 0 | 116.57878875732422 | 308772.5850669584
87.3 | 51 | 0 | 116.57878875732422 | 308772.60175220843
87.3 | 51 | 0 | 116.57878875732422 | 308772.6184374584
88.80000000000001 | 51 | 0 | 118.95378875732422 | 308772.6351227084
88.80000000000001 | 51 | 0 | 118.95378875732422 | 308772.6518079584
88.80000000000001 | 51 | 0 | 118.95378875732422 | 308772.6684932084
88.80000000000001 | 51 | 0 | 118.95378875732422 | 308772.6851784584
88.80000000000001 | 51 | 0 | 118.95378875732422 | 308772.7018637084
88.80000000000001 | 51 | 0 | 118.95378875732422 | 308772.7185489584
88.80000000000001 | 52 | 0 | 118.95378875732422 | 308772.7352342084
88.80000000000001 | 53 | 0 | 118.95378875732422 | 308772.7519194584
84.30000000000001 | 53 | 0 | 118.95378875732422 | 308772.7686047084
84.30000000000001 | 53 | 0 | 118.89128875732422 | 308772.7852899584
84.30000000000001 | 52 | 1 | 118.89128875732422 | 308772.82908716676
84.30000000000001 | 51 | 0 | 118.89128875732422 | 308772.8520309584
84.30000000000001 | 51 | 0 | 118.89128875732422 | 308772.8687162084
81.99999999999999 | 51 | 0 | 118.57878875732422 | 308772.8854014584
81.99999999999999 | 51 | 1 | 118.57878875732422 | 308772.92935487506
81.99999999999999 | 50 | 0 | 118.57878875732422 | 308772.9521424584
81.99999999999999 | 50 | 0 | 123.42253875732422 | 308772.9688277084
81.99999999999999 | 51 | 0 | 123.68816375732422 | 308772.9855129584
81.99999999999999 | 51 | 0 | 123.68816375732422 | 308773.0021982084
79.5 | 51 | 0 | 123.79753875732422 | 308773.01903166674
79.5 | 51 | 0 | 123.79753875732422 | 308773.03571729176
79.5 | 52 | 0 | 123.79753875732422 | 308773.0524029167
79.5 | 52 | 0 | 123.79753875732422 | 308773.0690885417
79.5 | 52 | 0 | 123.79753875732422 | 308773.08577416674
79.5 | 52 | 0 | 123.73503875732422 | 308773.10245979176
80.8 | 52 | 1 | 123.73503875732422 | 308773.1460604584
80.8 | 51 | 0 | 123.73503875732422 | 308773.16920229176
80.8 | 51 | 0 | 123.92253875732422 | 308773.1858879167
80.8 | 51 | 0 | 123.73503875732422 | 308773.2025735417
80.8 | 51 | 0 | 123.73503875732422 | 308773.21925916674
80.8 | 51 | 0 | 123.73503875732422 | 308773.2360905001
82.19999999999997 | 51 | 0 | 123.73503875732422 | 308773.25277654175
82.19999999999997 | 51 | 0 | 123.73503875732422 | 308773.2694625834
82.19999999999997 | 51 | 0 | 123.95378875732422 | 308773.2861486251
82.19999999999997 | 51 | 0 | 123.95378875732422 | 308773.30283466674
82.19999999999997 | 51 | 0 | 123.95378875732422 | 308773.3195207084
82.19999999999997 | 51 | 0 | 123.95378875732422 | 308773.3362067501
82.19999999999997 | 52 | 0 | 123.95378875732422 | 308773.35289279174
82.19999999999997 | 52 | 0 | 123.95378875732422 | 308773.3695788334
82.69999999999999 | 52 | 0 | 123.95378875732422 | 308773.38626487507
82.69999999999999 | 52 | 0 | 123.82878875732422 | 308773.40295091673
82.69999999999999 | 52 | 1 | 123.82878875732422 | 308773.43632300006
82.69999999999999 | 52 | 0 | 123.82878875732422 | 308773.4530090417
82.69999999999999 | 52 | 0 | 123.79753875732422 | 308773.4696950834
82.69999999999999 | 52 | 1 | 123.79753875732422 | 308773.5030671667
85.1 | 52 | 0 | 123.79753875732422 | 308773.5197532084
85.1 | 52 | 0 | 124.00066375732422 | 308773.53643925005
85.1 | 52 | 0 | 124.00066375732422 | 308773.5532664584
85.1 | 52 | 0 | 124.00066375732422 | 308773.5699528334
85.1 | 52 | 0 | 124.00066375732422 | 308773.5866392084
85.1 | 52 | 0 | 124.00066375732422 | 308773.6033255834
85.1 | 52 | 0 | 124.00066375732422 | 308773.6200119584
90.49999999999999 | 52 | 0 | 124.00066375732422 | 308773.63669833343
90.49999999999999 | 52 | 0 | 124.00066375732422 | 308773.6533847084
90.49999999999999 | 52 | 0 | 123.81316375732422 | 308773.6700710834
90.49999999999999 | 52 | 0 | 123.81316375732422 | 308773.6867574584
90.49999999999999 | 52 | 0 | 123.81316375732422 | 308773.7034438334
90.49999999999999 | 52 | 0 | 123.81316375732422 | 308773.7201302084
90.49999999999999 | 52 | 0 | 123.81316375732422 | 308773.7368165834
86.50000000000001 | 52 | 0 | 123.93816375732422 | 308773.7535029584
86.50000000000001 | 52 | 0 | 123.95378875732422 | 308773.7701893334
86.50000000000001 | 52 | 0 | 123.98503875732422 | 308773.78702250007
86.50000000000001 | 52 | 1 | 123.98503875732422 | 308773.8304133334
86.50000000000001 | 52 | 0 | 123.98503875732422 | 308773.85376966675
86.50000000000001 | 52 | 0 | 123.98503875732422 | 308773.8704564584
85.2 | 52 | 0 | 123.92253875732422 | 308773.8871432501
85.2 | 53 | 0 | 123.92253875732422 | 308773.90383004176
85.2 | 54 | 0 | 123.92253875732422 | 308773.92051683343
85.2 | 54 | 0 | 123.92253875732422 | 308773.93720362504
85.2 | 54 | 0 | 123.92253875732422 | 308773.9538904167
85.2 | 54 | 0 | 123.61003875732422 | 308773.9705772084
85.2 | 54 | 0 | 123.61003875732422 | 308773.98726400005
84.8 | 54 | 0 | 123.61003875732422 | 308774.0039507917
84.8 | 54 | 0 | 123.61003875732422 | 308774.0206375834
84.8 | 54 | 0 | 123.61003875732422 | 308774.03732437507
84.8 | 54 | 0 | 123.95378875732422 | 308774.05401116674
84.8 | 54 | 0 | 123.95378875732422 | 308774.0706979584
84.8 | 54 | 0 | 123.98503875732422 | 308774.0873847501
84.8 | 54 | 0 | 123.98503875732422 | 308774.10407154175
84.8 | 55 | 0 | 123.98503875732422 | 308774.1207583334
84.4 | 56 | 0 | 123.98503875732422 | 308774.1374451251
84.4 | 56 | 0 | 123.98503875732422 | 308774.15413191676
84.4 | 56 | 0 | 123.98503875732422 | 308774.17081870843
84.4 | 55 | 1 | 123.98503875732422 | 308774.21467312507
84.4 | 54 | 0 | 123.98503875732422 | 308774.23756587505
84.4 | 54 | 0 | 123.98503875732422 | 308774.2542526667
77.50000000000001 | 54 | 0 | 123.73503875732422 | 308774.2710884584
77.50000000000001 | 53 | 1 | 123.73503875732422 | 308774.3044627917
77.50000000000001 | 53 | 0 | 123.73503875732422 | 308774.3211499584
77.50000000000001 | 53 | 0 | 123.86003875732422 | 308774.33783712506
77.50000000000001 | 52 | 1 | 123.86003875732422 | 308774.3712114584
84.40000000000002 | 52 | 0 | 123.86003875732422 | 308774.38789862505
84.40000000000002 | 52 | 0 | 121.82878875732422 | 308774.40458579175
84.40000000000002 | 53 | 0 | 121.82878875732422 | 308774.4212729584
84.40000000000002 | 53 | 0 | 121.82878875732422 | 308774.43796012504
84.40000000000002 | 53 | 0 | 121.82878875732422 | 308774.45464729174
84.40000000000002 | 53 | 0 | 121.82878875732422 | 308774.4713344584
84.40000000000002 | 54 | 0 | 121.82878875732422 | 308774.4881567084
84.40000000000002 | 54 | 0 | 121.82878875732422 | 308774.5048442917
84.1 | 54 | 0 | 121.82878875732422 | 308774.52153187507
84.1 | 54 | 0 | 121.89128875732422 | 308774.5382194584
84.1 | 54 | 0 | 121.89128875732422 | 308774.5549070417
84.1 | 54 | 0 | 121.89128875732422 | 308774.5715946251
84.1 | 54 | 0 | 121.89128875732422 | 308774.5882822084
84.1 | 54 | 0 | 121.89128875732422 | 308774.6049697917
84.1 | 54 | 0 | 121.89128875732422 | 308774.6216573751
84.80000000000001 | 54 | 0 | 121.89128875732422 | 308774.6383449584
84.80000000000001 | 54 | 0 | 121.89128875732422 | 308774.6550325417
84.80000000000001 | 53 | 1 | 121.89128875732422 | 308774.69854604173
84.80000000000001 | 52 | 0 | 121.89128875732422 | 308774.7217828751
84.80000000000001 | 52 | 0 | 123.42253875732422 | 308774.7384704584
81.39999999999998 | 52 | 0 | 123.42253875732422 | 308774.7551580417
