
--- ITERATION 0 ---

CPU | Memory (MB) | Timestamp
---
35.8 | 74.87568664550781 | 678685.8542832918
35.8 | 74.87568664550781 | 678685.8709351668
35.8 | 74.87568664550781 | 678685.8875870418
35.8 | 74.87568664550781 | 678685.9042389168
35.8 | 74.87568664550781 | 678685.9208907918
35.8 | 74.87568664550781 | 678685.9375426668
22.8 | 74.87568664550781 | 678685.9541945418
22.8 | 74.87568664550781 | 678685.9708464168
22.8 | 74.87568664550781 | 678685.9874982918
22.8 | 74.87568664550781 | 678686.0041501668
22.8 | 74.87568664550781 | 678686.0208020419
22.8 | 74.87568664550781 | 678686.0374539169
22.8 | 74.87568664550781 | 678686.0541057918
22.8 | 74.87568664550781 | 678686.0707576668
14.5 | 74.87568664550781 | 678686.0874095418
14.5 | 74.87568664550781 | 678686.1040614168
14.5 | 74.87568664550781 | 678686.1207132918
14.5 | 74.87568664550781 | 678686.1373651668
14.5 | 74.87568664550781 | 678686.1540170418
14.5 | 74.87568664550781 | 678686.1706689168
14.5 | 74.87568664550781 | 678686.1873207918
10.2 | 74.87568664550781 | 678686.2039726669
10.2 | 74.87568664550781 | 678686.2206245419
10.2 | 74.87568664550781 | 678686.2372764169
10.2 | 74.87568664550781 | 678686.2539282918
10.2 | 74.87568664550781 | 678686.2705801668
10.2 | 74.87568664550781 | 678686.2872320418
10.2 | 74.87568664550781 | 678686.3038839168
10.2 | 74.87568664550781 | 678686.3205357918
7.699999999999999 | 74.87568664550781 | 678686.3371876668
7.699999999999999 | 80.04756164550781 | 678686.3538395418
7.699999999999999 | 80.09443664550781 | 678686.3704914168
7.699999999999999 | 80.23506164550781 | 678686.3871432918
7.699999999999999 | 80.39131164550781 | 678686.4037951669
7.699999999999999 | 80.67256164550781 | 678686.4204470419
7.699999999999999 | 81.06318664550781 | 678686.4370989169
38.5 | 81.7507095336914 | 678686.4537507918
38.5 | 82.2663345336914 | 678686.4704026668
38.5 | 82.5632095336914 | 678686.4870545418
38.5 | 82.5632095336914 | 678686.5037064168
38.5 | 82.5632095336914 | 678686.5203582918
38.5 | 82.5632095336914 | 678686.5370101668
38.5 | 82.5632095336914 | 678686.5536620418
Execution time: 0.7243629693984985

--- ITERATION 1 ---
45.70000000000001 | 90.4225845336914 | 678687.3070061668
45.70000000000001 | 90.4225845336914 | 678687.3236585001
29.7 | 90.4225845336914 | 678687.3403108335
29.7 | 90.4225845336914 | 678687.3569631669
29.7 | 90.4225845336914 | 678687.3736155002
29.7 | 90.4225845336914 | 678687.3902678335
29.7 | 90.4225845336914 | 678687.4069201668
29.7 | 90.4225845336914 | 678687.4235725001
29.7 | 90.4225845336914 | 678687.4402248334
18.7 | 90.4225845336914 | 678687.4568771669
18.7 | 90.4225845336914 | 678687.4735295002
18.7 | 90.4225845336914 | 678687.4901818335
18.7 | 90.4225845336914 | 678687.5068341668
18.7 | 90.4225845336914 | 678687.5234865001
18.7 | 90.4225845336914 | 678687.5401388335
18.7 | 90.4225845336914 | 678687.5567911668
18.7 | 90.4225845336914 | 678687.5734435001
12.600000000000001 | 90.4225845336914 | 678687.5900958335
12.600000000000001 | 90.4225845336914 | 678687.6067481668
12.600000000000001 | 90.4225845336914 | 678687.6234005002
12.600000000000001 | 90.4225845336914 | 678687.6400528335
12.600000000000001 | 90.4225845336914 | 678687.6567051668
12.600000000000001 | 90.4225845336914 | 678687.6733575001
12.600000000000001 | 90.4225845336914 | 678687.6900098334
9.1 | 90.4225845336914 | 678687.7066621669
9.1 | 90.4225845336914 | 678687.7233145002
9.1 | 90.4225845336914 | 678687.7399668335
9.1 | 90.4225845336914 | 678687.7566191668
9.1 | 90.4225845336914 | 678687.7732715001
9.1 | 90.4225845336914 | 678687.7899238335
9.1 | 90.4225845336914 | 678687.8065761668
9.1 | 95.6569595336914 | 678687.8232285002
13.7 | 95.6569595336914 | 678687.8398808335
13.7 | 95.6569595336914 | 678687.8565331668
13.7 | 95.6569595336914 | 678687.8731855002
13.7 | 95.6569595336914 | 678687.8898378335
13.7 | 95.6569595336914 | 678687.9064901668
13.7 | 95.6569595336914 | 678687.9231425001
13.7 | 97.7194595336914 | 678687.9397948335
46.1 | 98.2194595336914 | 678687.9564471669
46.1 | 98.2038345336914 | 678687.9730995002
46.1 | 98.2038345336914 | 678687.9897518335
46.1 | 98.2038345336914 | 678688.0064041668
46.1 | 98.2038345336914 | 678688.0230565001
46.1 | 98.2038345336914 | 678688.0397088334
Execution time: 0.7468470335006714

--- ITERATION 2 ---
43.199999999999996 | 105.9538345336914 | 678688.7890652502
43.199999999999996 | 105.9538345336914 | 678688.8057175835
43.199999999999996 | 105.9538345336914 | 678688.8223699168
28.3 | 105.9538345336914 | 678688.8390222501
28.3 | 105.9538345336914 | 678688.8556745835
28.3 | 105.9538345336914 | 678688.8723269168
28.3 | 105.9538345336914 | 678688.8889792501
28.3 | 105.9538345336914 | 678688.9056315835
28.3 | 105.9538345336914 | 678688.9222839169
28.3 | 105.9538345336914 | 678688.9389362502
28.3 | 105.9538345336914 | 678688.9555885835
17.8 | 105.9538345336914 | 678688.9722409168
17.8 | 105.9538345336914 | 678688.9888932501
17.8 | 105.9538345336914 | 678689.0055455834
17.8 | 105.9538345336914 | 678689.0221979169
17.8 | 105.9538345336914 | 678689.0388502502
17.8 | 105.9538345336914 | 678689.0555025835
17.8 | 105.9538345336914 | 678689.0721549168
11.5 | 105.9538345336914 | 678689.0888072501
11.5 | 105.9538345336914 | 678689.1054595835
11.5 | 105.9538345336914 | 678689.1221119168
11.5 | 105.9538345336914 | 678689.1387642501
11.5 | 105.9538345336914 | 678689.1554165835
11.5 | 105.9538345336914 | 678689.1720689168
11.5 | 105.9538345336914 | 678689.1887212502
11.5 | 105.9538345336914 | 678689.2053735835
8.5 | 105.9538345336914 | 678689.2220259168
8.5 | 105.9538345336914 | 678689.2386782501
8.5 | 106.0319595336914 | 678689.2553305834
8.5 | 106.0319595336914 | 678689.2719829169
8.5 | 106.0319595336914 | 678689.2886352502
8.5 | 106.0319595336914 | 678689.3052875835
8.5 | 111.2663345336914 | 678689.3219399168
12.0 | 111.8288345336914 | 678689.3387380835
12.0 | 111.8444595336914 | 678689.3554020001
12.0 | 111.8444595336914 | 678689.3720659168
12.0 | 111.8444595336914 | 678689.3887298335
12.0 | 111.8444595336914 | 678689.4053937502
12.0 | 111.8444595336914 | 678689.4220576668
12.0 | 113.781982421875 | 678689.4387215835
12.0 | 114.297607421875 | 678689.4553855001
44.9 | 113.860107421875 | 678689.4720494169
44.9 | 113.860107421875 | 678689.4887133335
44.9 | 113.860107421875 | 678689.5053772501
44.9 | 113.860107421875 | 678689.5220411668
Execution time: 0.710750937461853

--- ITERATION 3 ---
39.49999999999999 | 121.328857421875 | 678690.2548063751
39.49999999999999 | 121.328857421875 | 678690.2714625834
39.49999999999999 | 121.313232421875 | 678690.2881187918
39.49999999999999 | 121.313232421875 | 678690.3047750002
39.49999999999999 | 121.313232421875 | 678690.3214312085
25.8 | 121.313232421875 | 678690.3380874168
25.8 | 121.313232421875 | 678690.3547436252
25.8 | 121.313232421875 | 678690.3713998335
25.8 | 121.313232421875 | 678690.3880560418
25.8 | 121.313232421875 | 678690.4047122501
25.8 | 121.313232421875 | 678690.4213684584
25.8 | 121.313232421875 | 678690.4380246669
25.8 | 121.313232421875 | 678690.4546808752
16.4 | 121.313232421875 | 678690.4713370835
16.4 | 121.313232421875 | 678690.4879932918
16.4 | 121.313232421875 | 678690.5046495001
16.4 | 121.313232421875 | 678690.5213057084
16.4 | 121.313232421875 | 678690.5379619168
16.4 | 121.313232421875 | 678690.5546181252
16.4 | 121.313232421875 | 678690.5712743335
11.200000000000001 | 121.313232421875 | 678690.5879305418
11.200000000000001 | 121.313232421875 | 678690.6045867502
11.200000000000001 | 121.313232421875 | 678690.6212429585
11.200000000000001 | 121.313232421875 | 678690.6378991668
11.200000000000001 | 121.313232421875 | 678690.6545553751
11.200000000000001 | 121.313232421875 | 678690.6712115835
11.200000000000001 | 121.313232421875 | 678690.6878677919
11.200000000000001 | 121.313232421875 | 678690.7045240002
7.9 | 121.313232421875 | 678690.7211802085
7.9 | 126.375732421875 | 678690.7378364168
7.9 | 126.391357421875 | 678690.7544926251
7.9 | 126.391357421875 | 678690.7711488334
7.9 | 126.391357421875 | 678690.7878050418
7.9 | 126.391357421875 | 678690.8044612502
7.9 | 126.391357421875 | 678690.8211174585
7.9 | 126.391357421875 | 678690.8377736668
41.5 | 128.360107421875 | 678690.8544298752
41.5 | 128.860107421875 | 678690.8710860835
41.5 | 128.860107421875 | 678690.8877422918
41.5 | 128.860107421875 | 678690.9043985001
41.5 | 128.860107421875 | 678690.9210547085
41.5 | 128.860107421875 | 678690.9377109169
Execution time: 0.6855440139770508

--- ITERATION 4 ---
37.8 | 136.735107421875 | 678691.6372716668
37.8 | 136.813232421875 | 678691.6539278751
37.8 | 136.688232421875 | 678691.6705840835
37.8 | 136.688232421875 | 678691.6872402919
37.8 | 136.688232421875 | 678691.7038965002
37.8 | 136.688232421875 | 678691.7205527085
24.9 | 136.688232421875 | 678691.7372089168
24.9 | 136.688232421875 | 678691.7538651251
24.9 | 136.688232421875 | 678691.7705213334
24.9 | 136.688232421875 | 678691.7871775418
24.9 | 136.688232421875 | 678691.8038337502
24.9 | 136.688232421875 | 678691.8204899585
24.9 | 136.688232421875 | 678691.8371461668
15.8 | 136.688232421875 | 678691.8538023751
15.8 | 136.688232421875 | 678691.8704585835
15.8 | 136.688232421875 | 678691.8871147918
15.8 | 136.688232421875 | 678691.9037710001
15.8 | 136.688232421875 | 678691.9204272085
15.8 | 136.688232421875 | 678691.9370834169
15.8 | 136.688232421875 | 678691.9537396252
15.8 | 136.688232421875 | 678691.9703958335
10.6 | 136.688232421875 | 678691.9870520418
10.6 | 136.688232421875 | 678692.0037082501
10.6 | 136.688232421875 | 678692.0203644584
10.6 | 136.688232421875 | 678692.0370206668
10.6 | 136.688232421875 | 678692.0536768752
10.6 | 136.688232421875 | 678692.0703330835
10.6 | 136.688232421875 | 678692.0869892918
7.499999999999999 | 136.688232421875 | 678692.1036455001
7.499999999999999 | 136.688232421875 | 678692.1203017085
7.499999999999999 | 142.078857421875 | 678692.1369579168
7.499999999999999 | 142.078857421875 | 678692.1536141251
7.499999999999999 | 142.078857421875 | 678692.1702703335
7.499999999999999 | 142.078857421875 | 678692.1869265418
7.499999999999999 | 142.078857421875 | 678692.2035827502
7.499999999999999 | 142.078857421875 | 678692.2202389585
40.9 | 143.9538803100586 | 678692.2368951668
40.9 | 144.4538803100586 | 678692.2535513751
40.9 | 144.7038803100586 | 678692.2702075834
40.9 | 144.7038803100586 | 678692.2868637919
40.9 | 144.7038803100586 | 678692.3035200002
40.9 | 144.7038803100586 | 678692.3201762085
40.9 | 144.7038803100586 | 678692.3368324168
Execution time: 0.7068099975585938

--- ITERATION 5 ---
43.8 | 152.4695053100586 | 678693.0530493752
43.8 | 152.4695053100586 | 678693.0697055835
43.8 | 152.4695053100586 | 678693.0863617918
28.499999999999996 | 152.4695053100586 | 678693.1030180001
28.499999999999996 | 152.4695053100586 | 678693.1196742085
28.499999999999996 | 152.4695053100586 | 678693.1363304168
28.499999999999996 | 56.87568664550781 | 678693.1529866251
28.499999999999996 | 56.87568664550781 | 678693.1696428335
28.499999999999996 | 56.87568664550781 | 678693.1862990418
28.499999999999996 | 56.87568664550781 | 678693.2029552502
28.499999999999996 | 56.87568664550781 | 678693.2196114585
20.5 | 56.87568664550781 | 678693.2362676668
20.5 | 56.87568664550781 | 678693.2529238751
20.5 | 56.87568664550781 | 678693.2695800834
20.5 | 56.87568664550781 | 678693.2862362919
20.5 | 56.87568664550781 | 678693.3028925002
20.5 | 56.87568664550781 | 678693.3195487085
20.5 | 56.87568664550781 | 678693.3362049168
20.5 | 56.87568664550781 | 678693.3528611251
13.3 | 56.87568664550781 | 678693.3695173335
13.3 | 56.87568664550781 | 678693.3861735418
13.3 | 56.87568664550781 | 678693.4028297501
13.3 | 56.87568664550781 | 678693.4194859585
13.3 | 56.87568664550781 | 678693.4361421668
13.3 | 56.87568664550781 | 678693.4527983752
13.3 | 56.87568664550781 | 678693.4694545835
9.600000000000001 | 56.87568664550781 | 678693.4861107918
9.600000000000001 | 56.87568664550781 | 678693.5027670001
9.600000000000001 | 56.87568664550781 | 678693.5194232084
9.600000000000001 | 56.87568664550781 | 678693.5360794169
9.600000000000001 | 59.50068664550781 | 678693.5527356252
9.600000000000001 | 59.59443664550781 | 678693.5693918335
9.600000000000001 | 59.75068664550781 | 678693.5860480418
9.600000000000001 | 59.96943664550781 | 678693.6027042501
26.8 | 60.23506164550781 | 678693.6193604585
26.8 | 60.61006164550781 | 678693.6360166668
26.8 | 61.09443664550781 | 678693.6526728752
26.8 | 63.57881164550781 | 678693.6693290835
26.8 | 64.50068664550781 | 678693.6859852918
26.8 | 64.50068664550781 | 678693.7026415002
26.8 | 64.50068664550781 | 678693.7192977085
40.5 | 64.50068664550781 | 678693.7359539168
40.5 | 64.50068664550781 | 678693.7606471252
Execution time: 0.6985208988189697

--- ITERATION 6 ---
43.0 | 72.6569595336914 | 678694.4766691251
33.0 | 72.6569595336914 | 678694.4933228334
33.0 | 72.6569595336914 | 678694.5099765419
33.0 | 72.6569595336914 | 678694.5266302502
33.0 | 72.6569595336914 | 678694.5432839585
33.0 | 72.6569595336914 | 678694.5599376669
33.0 | 72.6569595336914 | 678694.5765913752
33.0 | 72.6569595336914 | 678694.5932450835
20.999999999999996 | 72.6569595336914 | 678694.6098987918
20.999999999999996 | 72.6569595336914 | 678694.6265525002
20.999999999999996 | 72.6569595336914 | 678694.6432062085
20.999999999999996 | 72.6569595336914 | 678694.6598599168
20.999999999999996 | 72.6569595336914 | 678694.6765136252
20.999999999999996 | 72.6569595336914 | 678694.6931673335
20.999999999999996 | 72.6569595336914 | 678694.7098210418
20.999999999999996 | 72.6569595336914 | 678694.7264747502
13.5 | 72.6569595336914 | 678694.7431284585
13.5 | 72.6569595336914 | 678694.7597821668
13.5 | 72.6569595336914 | 678694.7764358751
13.5 | 72.6569595336914 | 678694.7930895835
13.5 | 72.6569595336914 | 678694.8097432918
13.5 | 72.6569595336914 | 678694.8263970001
13.5 | 72.6569595336914 | 678694.8430507085
9.5 | 72.6569595336914 | 678694.8597044168
9.5 | 72.6569595336914 | 678694.8763581251
9.5 | 72.6569595336914 | 678694.8930118334
9.5 | 72.6569595336914 | 678694.9096655418
9.5 | 72.6569595336914 | 678694.9263192501
9.5 | 75.3757095336914 | 678694.9429729584
9.5 | 75.5163345336914 | 678694.9596266669
9.5 | 75.6882095336914 | 678694.9762803752
27.8 | 75.9382095336914 | 678694.9929340834
27.8 | 76.2663345336914 | 678695.0095877919
27.8 | 76.7194595336914 | 678695.0262415002
27.8 | 79.0944595336914 | 678695.0428952085
27.8 | 80.0788345336914 | 678695.0595489168
27.8 | 80.4225845336914 | 678695.0762026252
27.8 | 80.4225845336914 | 678695.0928563335
27.8 | 80.4225845336914 | 678695.1095100418
40.599999999999994 | 80.4225845336914 | 678695.1261637502
Execution time: 0.6876640319824219
