
--- NEW BENCHMARK RUN ---
0.5239426666521467
0.9762795832939446
0.4968694582930766
0.4984317916678265
0.5163453333079815
0.4661469166749157
0.511289416695945
0.48871658329153433
0.5068905833177269
0.5049051249516197
0.5059994999901392
0.5169370416551828
0.5116342499968596
0.5195156250265427
0.4864161666482687
0.49380708328681067
0.5023923750268295
0.49281229166081175
0.5256938333623111
0.5015794583596289

--- NEW BENCHMARK RUN ---
0.4824154999996608
0.46692695833371545
0.4841714583335488
0.4840715000000273
0.46212458333320683
0.48797912500003804
0.46051583333337476
0.4803946666665979
0.46876291666649195
0.4890677083335504
0.46948733333329074
0.48578362499983996
0.4562359583333091
0.48226912500012986
0.4733037083333329
0.4895287916669986
0.45912383333325124
0.49181491666695365
0.452074791666746
0.47368983333353754
