
--- ITERATION 0 ---

CPU | Memory (MB) | Timestamp
---
30.5 | 1204.1264877319336 | 614126.2065610001
30.5 | 1259.2984085083008 | 614126.2232523335
30.5 | 1259.2984085083008 | 614126.2399436668
38.6 | 1259.2984085083008 | 614126.2566350001
38.6 | 1259.2984085083008 | 614126.2733263335
38.6 | 1259.2984085083008 | 614126.2900176668
38.6 | 1259.2984085083008 | 614126.3067090001
38.6 | 1259.2984085083008 | 614126.3234003335
38.6 | 1259.2984085083008 | 614126.3400916668
--- ITERATION 1 ---
8.700000000000001 | 1373.4860000610352 | 614128.1041642501
8.700000000000001 | 1434.689193725586 | 614128.1208529169
26.8 | 1459.767318725586 | 614128.1375415835
26.8 | 1459.767318725586 | 614128.1542302502
26.8 | 1459.767318725586 | 614128.1709189168
26.8 | 1459.767318725586 | 614128.1876075835
26.8 | 1459.767318725586 | 614128.2042962501
26.8 | 1459.767318725586 | 614128.2209849168
26.8 | 1459.767318725586 | 614128.2376735834
26.8 | 1459.767318725586 | 614128.2543622501
32.2 | 1459.767318725586 | 614128.2710509168
Execution time: 0.125

--- ITERATION 2 ---
39.2 | 1653.892433166504 | 614128.4213648335
39.2 | 1654.720558166504 | 614128.4380585419
39.2 | 1654.720558166504 | 614128.4547522501
39.2 | 1654.720558166504 | 614128.4714459585
39.2 | 1654.720558166504 | 614128.4881396668
39.2 | 1654.751808166504 | 614128.5048333751
37.5 | 1654.751808166504 | 614128.5215270835
37.5 | 1654.939308166504 | 614128.5382207918
37.5 | 1654.970558166504 | 614128.5549145001
37.5 | 1654.970558166504 | 614128.5716082085
37.5 | 1654.970558166504 | 614128.5883019168
37.5 | 1654.970558166504 | 614128.6049956251
37.5 | 1654.986183166504 | 614128.6216893335
23.6 | 1654.986183166504 | 614128.6383830418
23.6 | 1654.986183166504 | 614128.6550767501
23.6 | 1654.986183166504 | 614128.6717704585
23.6 | 1654.986183166504 | 614128.6884641668
23.6 | 1654.986183166504 | 614128.7051578751
23.6 | 1654.986183166504 | 614128.7218515835
23.6 | 1654.986183166504 | 614128.7385452918
23.6 | 1654.986183166504 | 614128.7552390001
15.700000000000001 | 1654.954933166504 | 614128.7719327084
15.700000000000001 | 1654.954933166504 | 614128.7886264168
15.700000000000001 | 1654.954933166504 | 614128.8053201252
15.700000000000001 | 1654.954933166504 | 614128.8220138334
15.700000000000001 | 1654.954933166504 | 614128.8387075418
15.700000000000001 | 1654.954933166504 | 614128.8554012502
15.700000000000001 | 1654.954933166504 | 614128.8720949584
22.0 | 1654.954933166504 | 614128.8887886668
22.0 | 1654.954933166504 | 614128.9054823752
22.0 | 1654.954933166504 | 614128.9221760834
22.0 | 1654.954933166504 | 614128.9388697918
22.0 | 1654.954933166504 | 614128.9555635002
Execution time: 0.274

--- ITERATION 3 ---
43.6 | 332.61033630371094 | 614129.2559563335
39.6 | 353.86035919189453 | 614129.2726487501
39.6 | 353.86035919189453 | 614129.2893411668
39.6 | 353.86035919189453 | 614129.3060335835
39.6 | 353.86035919189453 | 614129.3227260001
39.6 | 353.86035919189453 | 614129.3394184168
39.6 | 353.86035919189453 | 614129.3561108335
39.6 | 353.86035919189453 | 614129.3728032501
30.4 | 353.86035919189453 | 614129.3894956668
30.4 | 353.86035919189453 | 614129.4061880835
30.4 | 353.86035919189453 | 614129.4228805001
30.4 | 353.86035919189453 | 614129.4395729168
30.4 | 353.86035919189453 | 614129.4562653335
30.4 | 353.86035919189453 | 614129.4729577501
30.4 | 353.86035919189453 | 614129.4896501668
30.4 | 353.86035919189453 | 614129.5063425835
19.7 | 353.86035919189453 | 614129.5230350001
19.7 | 353.86035919189453 | 614129.5397274168
19.7 | 353.86035919189453 | 614129.5564198334
19.7 | 353.86035919189453 | 614129.5731122502
Execution time: 0.461

--- ITERATION 4 ---
13.299999999999999 | 506.7042236328125 | 614130.0738847501
13.299999999999999 | 553.9698715209961 | 614130.0905771668
13.299999999999999 | 553.9698715209961 | 614130.1072695835
13.299999999999999 | 553.9698715209961 | 614130.1239620001
28.5 | 553.9698715209961 | 614130.1406544168
28.5 | 553.9698715209961 | 614130.1573468335
28.5 | 553.9698715209961 | 614130.1740392501
28.5 | 553.9698715209961 | 614130.1907316667
28.5 | 553.9698715209961 | 614130.2074240835
Execution time: 0.186

--- ITERATION 5 ---
27.800000000000004 | 751.0950088500977 | 614130.4244255001
27.800000000000004 | 754.1106338500977 | 614130.4411179168
27.800000000000004 | 754.1106338500977 | 614130.4578103335
27.800000000000004 | 754.1106338500977 | 614130.4745027501
27.800000000000004 | 754.1106338500977 | 614130.4911951668
27.800000000000004 | 754.1106338500977 | 614130.5078875835
26.9 | 754.1418838500977 | 614130.5245800001
26.9 | 754.1418838500977 | 614130.5412724168
26.9 | 754.1418838500977 | 614130.5579648335
26.9 | 754.1418838500977 | 614130.5746572501
26.9 | 754.1418838500977 | 614130.5913496668
26.9 | 754.1418838500977 | 614130.6080420834
26.9 | 754.1418838500977 | 614130.6247345002
17.3 | 754.1418838500977 | 614130.6414269168
17.3 | 754.1106338500977 | 614130.6581193334
17.3 | 754.1106338500977 | 614130.6748117502
17.3 | 754.1106338500977 | 614130.6915041668
17.3 | 754.1106338500977 | 614130.7081965834
17.3 | 754.1106338500977 | 614130.7248890002
Execution time: 0.264

--- ITERATION 6 ---
22.400000000000002 | 949.1263961791992 | 614131.0253525001
22.400000000000002 | 954.2201690673828 | 614131.0420449168
22.400000000000002 | 954.2201690673828 | 614131.0587373335
22.400000000000002 | 954.2201690673828 | 614131.0754297501
22.400000000000002 | 954.2201690673828 | 614131.0921221668
22.400000000000002 | 954.2201690673828 | 614131.1088145835
22.400000000000002 | 954.2201690673828 | 614131.1255070001
23.6 | 954.2201690673828 | 614131.1421994168
23.6 | 954.2201690673828 | 614131.1588918335
23.6 | 954.2201690673828 | 614131.1755842501
23.6 | 954.2201690673828 | 614131.1922766668
23.6 | 954.2201690673828 | 614131.2089690835
23.6 | 954.2201690673828 | 614131.2256615001
23.6 | 954.2201690673828 | 614131.2423539168
23.6 | 954.2201690673828 | 614131.2590463335
17.5 | 954.2201690673828 | 614131.2757387501
17.5 | 954.2201690673828 | 614131.2924311667
17.5 | 954.2201690673828 | 614131.3091235835
17.5 | 954.2201690673828 | 614131.3258160001
17.5 | 954.2201690673828 | 614131.3425084169
17.5 | 954.2201690673828 | 614131.3592008335
Execution time: 0.188

--- ITERATION 7 ---
27.2 | 1154.3453063964844 | 614131.5928946668
27.2 | 1154.3453063964844 | 614131.6095870835
27.2 | 1154.3453063964844 | 614131.6262795001
30.200000000000003 | 1154.3453063964844 | 614131.6429719168
30.200000000000003 | 1154.3453063964844 | 614131.6596643334
30.200000000000003 | 1154.3453063964844 | 614131.6763567502
30.200000000000003 | 1154.3453063964844 | 614131.6930491668
30.200000000000003 | 1154.3453063964844 | 614131.7097415834
30.200000000000003 | 1154.3453063964844 | 614131.7264340002
30.200000000000003 | 1154.3453063964844 | 614131.7431264168
30.200000000000003 | 1154.3453063964844 | 614131.7598188334
Execution time: 0.237

--- ITERATION 8 ---
24.000000000000004 | 1354.470443725586 | 614132.1270520001
26.1 | 1354.470443725586 | 614132.1437444168
26.1 | 1354.470443725586 | 614132.1604368335
26.1 | 1354.470443725586 | 614132.1771292501
26.1 | 1354.470443725586 | 614132.1938216668
26.1 | 1354.470443725586 | 614132.2105140835
26.1 | 1354.470443725586 | 614132.2272065001
26.1 | 1354.470443725586 | 614132.2438989168
Execution time: 0.294

--- ITERATION 9 ---
21.7 | 1473.0642623901367 | 614132.5610548335
21.7 | 1554.5799102783203 | 614132.5777472501
21.7 | 1554.5799102783203 | 614132.5944396668
21.7 | 1554.5799102783203 | 614132.6111320835
21.7 | 1554.5799102783203 | 614132.6278245001
38.1 | 1554.5642852783203 | 614132.6445169168
38.1 | 1554.5642852783203 | 614132.6612093335
38.1 | 1554.5642852783203 | 614132.6779017501
38.1 | 1554.5642852783203 | 614132.6945941668
Execution time: 0.228

--- ITERATION 10 ---
30.7 | 253.93839263916016 | 614133.0038852085
58.4 | 253.93839263916016 | 614133.0284425002
58.4 | 253.93839263916016 | 614133.0451349168
58.4 | 253.93839263916016 | 614133.0618273334
58.4 | 234.71964263916016 | 614133.0785197502
58.4 | 234.71964263916016 | 614133.0914181668
58.4 | 234.71964263916016 | 614133.1080962501
58.4 | 234.71964263916016 | 614133.1247743334
39.900000000000006 | 234.71964263916016 | 614133.1414524168
39.900000000000006 | 234.71964263916016 | 614133.1581305001
39.900000000000006 | 234.71964263916016 | 614133.1748085835
39.900000000000006 | 234.71964263916016 | 614133.1914866668
39.900000000000006 | 234.71964263916016 | 614133.2081647501
39.900000000000006 | 234.71964263916016 | 614133.2248428335
39.900000000000006 | 234.71964263916016 | 614133.2415209168
Execution time: 0.18

--- ITERATION 11 ---
25.4 | 386.59473419189453 | 614133.6089818751
25.4 | 434.8291549682617 | 614133.6256764168
28.700000000000003 | 434.8291549682617 | 614133.6423709585
28.700000000000003 | 434.8291549682617 | 614133.6590655001
28.700000000000003 | 434.8291549682617 | 614133.6757600418
28.700000000000003 | 434.9541549682617 | 614133.6924545835
28.700000000000003 | 434.9541549682617 | 614133.7091491251
28.700000000000003 | 434.9541549682617 | 614133.7258436668
28.700000000000003 | 434.9541549682617 | 614133.7425382085
28.700000000000003 | 434.9541549682617 | 614133.7592327502
24.9 | 434.9541549682617 | 614133.7759272918
24.9 | 434.9541549682617 | 614133.7926218335
24.9 | 434.8291549682617 | 614133.8093163752
Execution time: 0.225

--- ITERATION 12 ---
28.000000000000004 | 634.9386672973633 | 614134.0763910834
28.000000000000004 | 635.0636672973633 | 614134.0930850002
28.000000000000004 | 634.9386672973633 | 614134.1097789168
28.000000000000004 | 634.9386672973633 | 614134.1264728334
33.0 | 634.9386672973633 | 614134.1431667501
33.0 | 634.9386672973633 | 614134.1598606668
33.0 | 634.9386672973633 | 614134.1765545835
33.0 | 634.9386672973633 | 614134.1932485001
Execution time: 0.194

--- ITERATION 13 ---
28.3 | 761.1887588500977 | 614134.4102694168
28.3 | 835.0481796264648 | 614134.4269633335
28.3 | 835.0481796264648 | 614134.4436572501
28.3 | 835.0481796264648 | 614134.4603511668
28.3 | 835.0481796264648 | 614134.4770450834
28.3 | 835.0481796264648 | 614134.4937390002
28.3 | 835.0481796264648 | 614134.5104329168
32.9 | 835.1731796264648 | 614134.5271268334
32.9 | 835.1731796264648 | 614134.5438207501
32.9 | 835.1731796264648 | 614134.5605146668
32.9 | 835.1731796264648 | 614134.5772085835
32.9 | 835.1731796264648 | 614134.5939025001
32.9 | 835.1731796264648 | 614134.6105964168
32.9 | 835.1731796264648 | 614134.6272903335
21.1 | 835.1731796264648 | 614134.6439842501
21.1 | 835.1731796264648 | 614134.6606781668
21.1 | 835.1731796264648 | 614134.6773720834
21.1 | 835.1731796264648 | 614134.6940660002
21.1 | 835.1731796264648 | 614134.7107599168
21.1 | 835.1731796264648 | 614134.7274538334
21.1 | 835.1731796264648 | 614134.7441477501
21.1 | 835.1731796264648 | 614134.7608416668
14.2 | 835.1731796264648 | 614134.7775355835
14.2 | 835.0481796264648 | 614134.7942295001
14.2 | 835.0481796264648 | 614134.8109234167
14.2 | 835.0481796264648 | 614134.8276173335
14.2 | 835.0481796264648 | 614134.8443112501
14.2 | 835.0481796264648 | 614134.8610051668
14.2 | 835.0481796264648 | 614134.8776990834
14.600000000000001 | 835.0481796264648 | 614134.8943930002
14.600000000000001 | 835.0481796264648 | 614134.9110869168
14.600000000000001 | 835.0481796264648 | 614134.9277808334
14.600000000000001 | 835.0481796264648 | 614134.9444747501
14.600000000000001 | 835.0481796264648 | 614134.9611686668
Execution time: 0.636

--- ITERATION 14 ---
7.8999999999999995 | 966.3451690673828 | 614135.6289253335
15.1 | 1035.20458984375 | 614135.6456192501
15.1 | 1035.20458984375 | 614135.6623131668
15.1 | 1035.20458984375 | 614135.6790070834
15.1 | 1035.20458984375 | 614135.6957010002
15.1 | 1035.20458984375 | 614135.7123949168
15.1 | 1035.20458984375 | 614135.7290888334
15.1 | 1035.20458984375 | 614135.7457827501
15.1 | 1035.20458984375 | 614135.7624766668
12.8 | 1035.20458984375 | 614135.7791705835
12.8 | 1035.20458984375 | 614135.7958645001
12.8 | 1035.20458984375 | 614135.8125584169
12.8 | 1035.20458984375 | 614135.8292523335
12.8 | 1035.20458984375 | 614135.8459462501
12.8 | 1035.20458984375 | 614135.8626401668
12.8 | 1035.20458984375 | 614135.8793340835
11.0 | 1035.20458984375 | 614135.8960280002
11.0 | 1035.20458984375 | 614135.9127219168
11.0 | 1035.20458984375 | 614135.9294158334
11.0 | 1035.20458984375 | 614135.9461097502
11.0 | 1035.20458984375 | 614135.9628036668
11.0 | 1035.20458984375 | 614135.9794975835
11.0 | 1035.20458984375 | 614135.9961915001
11.0 | 1035.20458984375 | 614136.0128854169
10.7 | 1035.20458984375 | 614136.0295793335
10.7 | 1035.20458984375 | 614136.0462732501
10.7 | 1035.20458984375 | 614136.0629671668
10.7 | 1035.20458984375 | 614136.0796610835
10.7 | 1035.20458984375 | 614136.0963550002
10.7 | 1035.20458984375 | 614136.1130489168
10.7 | 1035.20458984375 | 614136.1297428334
7.0 | 1035.20458984375 | 614136.1464367502
7.0 | 1035.20458984375 | 614136.1631306668
7.0 | 1035.20458984375 | 614136.1798245835
7.0 | 1035.20458984375 | 614136.1965185001
7.0 | 1035.20458984375 | 614136.2132124169
7.0 | 1035.20458984375 | 614136.2299063335
7.0 | 1035.20458984375 | 614136.2466002501
7.0 | 1035.20458984375 | 614136.2632941668
5.5 | 1035.20458984375 | 614136.2799880835
5.5 | 1035.20458984375 | 614136.2966820002
5.5 | 1035.20458984375 | 614136.3133759168
5.5 | 1035.20458984375 | 614136.3300698334
5.5 | 1035.20458984375 | 614136.3467637502
Execution time: 0.115

--- ITERATION 15 ---
21.299999999999997 | 1225.8766021728516 | 614136.4970090002
21.299999999999997 | 1235.3922271728516 | 614136.5137029168
28.900000000000006 | 1235.3922271728516 | 614136.5303968334
28.900000000000006 | 1235.3922271728516 | 614136.5470907502
28.900000000000006 | 1235.3922271728516 | 614136.5637846668
28.900000000000006 | 1235.3922271728516 | 614136.5804785835
28.900000000000006 | 1235.3922271728516 | 614136.5971725001
28.900000000000006 | 1235.3922271728516 | 614136.6138664169
28.900000000000006 | 1235.3922271728516 | 614136.6305603335
24.900000000000002 | 1235.3922271728516 | 614136.6472542501
24.900000000000002 | 1235.3922271728516 | 614136.6639481668
24.900000000000002 | 1235.3922271728516 | 614136.6806420835
24.900000000000002 | 1235.3922271728516 | 614136.6973360002
24.900000000000002 | 1235.3922271728516 | 614136.7140299168
24.900000000000002 | 1235.3922271728516 | 614136.7307238334
24.900000000000002 | 1235.3922271728516 | 614136.7474177502
24.900000000000002 | 1235.3922271728516 | 614136.7641116668
Execution time: 0.174

--- ITERATION 16 ---
28.700000000000003 | 1435.4548416137695 | 614136.9811325835
28.700000000000003 | 1435.4548416137695 | 614136.9978265001
28.700000000000003 | 1435.4548416137695 | 614137.0145204169
31.499999999999996 | 1435.4548416137695 | 614137.0312143335
31.499999999999996 | 1435.4548416137695 | 614137.0479082501
31.499999999999996 | 1435.4548416137695 | 614137.0646021668
31.499999999999996 | 1435.4548416137695 | 614137.0812960835
Execution time: 0.392

--- ITERATION 17 ---
19.0 | 1635.595558166504 | 614137.4986440002
19.0 | 1635.611183166504 | 614137.5153379168
21.200000000000003 | 1635.579933166504 | 614137.5320318334
21.200000000000003 | 1635.579933166504 | 614137.5487257502
21.200000000000003 | 1635.579933166504 | 614137.5654196668
21.200000000000003 | 1635.595558166504 | 614137.5821135835
21.200000000000003 | 1635.611183166504 | 614137.5988075001
21.200000000000003 | 1635.611183166504 | 614137.6155014168
21.200000000000003 | 1635.611183166504 | 614137.6321953335
21.6 | 1635.642433166504 | 614137.6488892501
21.6 | 1635.642433166504 | 614137.6655831668
Execution time: 0.262

--- ITERATION 18 ---
29.700000000000003 | 302.68846130371094 | 614137.9660736668
29.700000000000003 | 334.89160919189453 | 614137.9827675835
29.700000000000003 | 334.89160919189453 | 614137.9994615001
29.700000000000003 | 334.89160919189453 | 614138.0161554168
38.800000000000004 | 334.89160919189453 | 614138.0328493335
38.800000000000004 | 334.89160919189453 | 614138.0495432501
38.800000000000004 | 334.89160919189453 | 614138.0662371668
38.800000000000004 | 334.89160919189453 | 614138.0829310835
38.800000000000004 | 334.90723419189453 | 614138.0996250001
38.800000000000004 | 334.90723419189453 | 614138.1163189168
38.800000000000004 | 334.90723419189453 | 614138.1330128334
27.200000000000003 | 334.90723419189453 | 614138.1497067502
27.200000000000003 | 334.90723419189453 | 614138.1664006668
27.200000000000003 | 334.90723419189453 | 614138.1830945835
27.200000000000003 | 334.90723419189453 | 614138.1997885001
27.200000000000003 | 334.90723419189453 | 614138.2164824168
27.200000000000003 | 334.90723419189453 | 614138.2331763335
27.200000000000003 | 334.90723419189453 | 614138.2498702501
27.200000000000003 | 334.90723419189453 | 614138.2665641668
Execution time: 0.162

--- ITERATION 19 ---
31.899999999999995 | 535.0167465209961 | 614138.4668911668
31.899999999999995 | 535.0167465209961 | 614138.4835850835
31.899999999999995 | 535.0167465209961 | 614138.5002790001
31.899999999999995 | 535.0167465209961 | 614138.5169729168
37.2 | 535.0167465209961 | 614138.5336668334
37.2 | 535.0167465209961 | 614138.5503607502
37.2 | 535.0167465209961 | 614138.5670546668
37.2 | 535.0167465209961 | 614138.5837485834
37.2 | 535.0167465209961 | 614138.6004425001
37.2 | 535.0167465209961 | 614138.6171364168
37.2 | 535.0167465209961 | 614138.6338303335
Execution time: 0.367

--- ITERATION 20 ---
16.7 | 660.2512130737305 | 614139.0511782501
16.7 | 730.6731338500977 | 614139.0678721668
16.7 | 735.1262588500977 | 614139.0845660835
16.7 | 735.1262588500977 | 614139.1012600001
16.7 | 735.1262588500977 | 614139.1179539168
16.7 | 735.1262588500977 | 614139.1346478334
36.7 | 735.1262588500977 | 614139.1513417502
Execution time: 0.311

--- ITERATION 21 ---
27.6 | 894.9544982910156 | 614139.4852200835
27.6 | 935.2357940673828 | 614139.5019140001
27.6 | 935.2357940673828 | 614139.5186079168
33.5 | 935.2357940673828 | 614139.5353018334
33.5 | 935.2357940673828 | 614139.5519957502
Execution time: 0.217

--- ITERATION 22 ---
27.8 | 1135.3296813964844 | 614139.8024045001
27.8 | 1135.3296813964844 | 614139.8190984168
27.8 | 1135.3296813964844 | 614139.8357923335
27.8 | 1135.3296813964844 | 614139.8524862501
27.8 | 1135.3296813964844 | 614139.8691801667
27.8 | 1135.3296813964844 | 614139.8858740835
33.3 | 1135.3296813964844 | 614139.9025680001
Execution time: 0.21

--- ITERATION 23 ---
31.999999999999996 | 1298.7047958374023 | 614140.1529767502
31.999999999999996 | 1335.439193725586 | 614140.1696706668
31.999999999999996 | 1335.439193725586 | 614140.1863645834
31.999999999999996 | 1335.439193725586 | 614140.2030585002
31.999999999999996 | 1335.439193725586 | 614140.2197524168
31.999999999999996 | 1335.439193725586 | 614140.2364463335
31.999999999999996 | 1335.439193725586 | 614140.2531402501
31.999999999999996 | 1335.439193725586 | 614140.2698341669
29.800000000000004 | 1335.439193725586 | 614140.2865280835
Execution time: 0.142

--- ITERATION 24 ---
36.800000000000004 | 1535.5642852783203 | 614140.4534672501
36.800000000000004 | 1535.5642852783203 | 614140.4701611669
36.800000000000004 | 1535.5642852783203 | 614140.4868550835
36.800000000000004 | 1535.5642852783203 | 614140.5035490001
36.800000000000004 | 1535.6892852783203 | 614140.5202429168
32.9 | 1535.5642852783203 | 614140.5369368335
32.9 | 1535.5642852783203 | 614140.5536307502
32.9 | 1535.5642852783203 | 614140.5703246668
Execution time: 0.193

--- ITERATION 25 ---
32.2 | 1637.5955810546875 | 614140.7873455834
32.2 | 235.15714263916016 | 614140.8368556252
32.2 | 235.15714263916016 | 614140.8541212501
32.2 | 235.15714263916016 | 614140.8708151669
32.2 | 235.15714263916016 | 614140.8875090835
46.5 | 235.15714263916016 | 614140.9042030001
46.5 | 235.03214263916016 | 614140.9208969168
46.5 | 235.03214263916016 | 614140.9375908335
46.5 | 235.03214263916016 | 614140.9542847502
Execution time: 0.117

--- ITERATION 26 ---
44.300000000000004 | 435.1416549682617 | 614141.1045300001
44.300000000000004 | 435.1416549682617 | 614141.1212239168
44.300000000000004 | 435.1416549682617 | 614141.1379178335
43.7 | 435.1416549682617 | 614141.1546117502
43.7 | 435.1416549682617 | 614141.1713056668
43.7 | 435.1416549682617 | 614141.1879995834
43.7 | 435.1416549682617 | 614141.2046935002
43.7 | 435.1416549682617 | 614141.2213874168
43.7 | 435.1416549682617 | 614141.2380813335
43.7 | 435.1416549682617 | 614141.2547752501
43.7 | 435.1416549682617 | 614141.2714691669
28.000000000000004 | 435.1416549682617 | 614141.2881630835
28.000000000000004 | 435.1416549682617 | 614141.3048570001
28.000000000000004 | 435.1416549682617 | 614141.3215509168
28.000000000000004 | 435.1416549682617 | 614141.3382448335
28.000000000000004 | 435.1416549682617 | 614141.3549387502
28.000000000000004 | 435.1416549682617 | 614141.3716326668
28.000000000000004 | 435.1416549682617 | 614141.3883265834
26.299999999999997 | 435.1416549682617 | 614141.4050205002
26.299999999999997 | 435.1416549682617 | 614141.4217144168
26.299999999999997 | 435.1416549682617 | 614141.4384083335
26.299999999999997 | 435.1416549682617 | 614141.4551022501
26.299999999999997 | 435.1416549682617 | 614141.4717961669
26.299999999999997 | 435.1416549682617 | 614141.4884900835
26.299999999999997 | 435.1416549682617 | 614141.5051840001
26.299999999999997 | 435.1416549682617 | 614141.5218779168
16.599999999999998 | 435.1416549682617 | 614141.5385718335
16.599999999999998 | 435.1416549682617 | 614141.5552657502
Execution time: 0.618

--- ITERATION 27 ---
9.9 | 635.2511672973633 | 614142.2063285002
9.9 | 635.2511672973633 | 614142.2230224168
9.9 | 635.2511672973633 | 614142.2397163335
9.9 | 635.2511672973633 | 614142.2564102501
9.9 | 635.2511672973633 | 614142.2731041668
15.200000000000001 | 635.2511672973633 | 614142.2897980835
15.200000000000001 | 635.2511672973633 | 614142.3064920001
15.200000000000001 | 635.2511672973633 | 614142.3231859168
15.200000000000001 | 635.2511672973633 | 614142.3398798335
15.200000000000001 | 635.2511672973633 | 614142.3565737501
15.200000000000001 | 635.2511672973633 | 614142.3732676668
15.200000000000001 | 635.2511672973633 | 614142.3899615834
15.200000000000001 | 635.2511672973633 | 614142.4066555002
13.799999999999999 | 635.2511672973633 | 614142.4233494168
13.799999999999999 | 635.2511672973633 | 614142.4400433335
13.799999999999999 | 635.2511672973633 | 614142.4567372501
13.799999999999999 | 635.2511672973633 | 614142.4734311668
13.799999999999999 | 635.2511672973633 | 614142.4901250835
13.799999999999999 | 635.2511672973633 | 614142.5068190001
13.799999999999999 | 635.2511672973633 | 614142.5235129168
10.4 | 635.2511672973633 | 614142.5402068335
10.4 | 635.2511672973633 | 614142.5569007501
10.4 | 635.2511672973633 | 614142.5735946668
10.4 | 635.2511672973633 | 614142.5902885834
10.4 | 635.2511672973633 | 614142.6069825002
10.4 | 635.2511672973633 | 614142.6236764168
10.4 | 635.2511672973633 | 614142.6403703335
10.4 | 635.2511672973633 | 614142.6570642501
6.9 | 635.2511672973633 | 614142.6737581668
6.9 | 635.2511672973633 | 614142.6904520835
6.9 | 635.2511672973633 | 614142.7071460001
6.9 | 635.2511672973633 | 614142.7238399168
6.9 | 635.2511672973633 | 614142.7405338335
6.9 | 635.2511672973633 | 614142.7572277501
6.9 | 635.2511672973633 | 614142.7739216668
6.5 | 635.2511672973633 | 614142.7906155834
6.5 | 635.2511672973633 | 614142.8073095002
Execution time: 0.587

--- ITERATION 28 ---
7.0 | 749.2356338500977 | 614143.4470806668
7.0 | 835.3919296264648 | 614143.4637722084
7.0 | 835.3919296264648 | 614143.4804637501
7.0 | 835.3919296264648 | 614143.4971552918
7.0 | 835.3919296264648 | 614143.5138468335
7.0 | 835.3919296264648 | 614143.5305383751
28.6 | 835.3919296264648 | 614143.5472299168
28.6 | 835.3919296264648 | 614143.5639214584
28.6 | 835.3919296264648 | 614143.5806130001
28.6 | 835.3919296264648 | 614143.5973045419
28.6 | 835.3919296264648 | 614143.6139960835
28.6 | 835.3919296264648 | 614143.6306876251
28.6 | 835.3919296264648 | 614143.6473791668
22.6 | 835.3919296264648 | 614143.6640707084
22.6 | 835.3919296264648 | 614143.6807622501
22.6 | 835.3919296264648 | 614143.6974537919
22.6 | 835.3919296264648 | 614143.7141453335
22.6 | 835.3919296264648 | 614143.7308368752
Execution time: 0.449

--- ITERATION 29 ---
10.7 | 1035.53271484375 | 614144.2149529168
10.7 | 1035.65771484375 | 614144.2316454168
10.7 | 1035.65771484375 | 614144.2483379168
10.7 | 1035.65771484375 | 614144.2650304168
10.7 | 1035.65771484375 | 614144.2817229168
15.200000000000001 | 1035.65771484375 | 614144.2984154169
15.200000000000001 | 1035.65771484375 | 614144.3151079168
15.200000000000001 | 1035.53271484375 | 614144.3318004168
15.200000000000001 | 1035.53271484375 | 614144.3484929168
15.200000000000001 | 1035.53271484375 | 614144.3651854168
15.200000000000001 | 1035.53271484375 | 614144.3818779167
15.200000000000001 | 1035.53271484375 | 614144.3985704168
15.9 | 1035.53271484375 | 614144.4152629168
15.9 | 1035.53271484375 | 614144.4319554168
15.9 | 1035.53271484375 | 614144.4486479168
15.9 | 1035.53271484375 | 614144.4653404168
15.9 | 1035.53271484375 | 614144.4820329169
15.9 | 1035.53271484375 | 614144.4987254168
15.9 | 1035.53271484375 | 614144.5154179168
15.9 | 1035.53271484375 | 614144.5321104168
14.3 | 1035.53271484375 | 614144.5488029168
14.3 | 1035.53271484375 | 614144.5654954168
14.3 | 1035.53271484375 | 614144.5821879169
14.3 | 1035.53271484375 | 614144.5988804168
Execution time: 0.651

--- ITERATION 30 ---
10.2 | 1141.6421585083008 | 614145.2832729168
23.5 | 1222.3609771728516 | 614145.2999654168
23.5 | 1235.7359771728516 | 614145.3166579168
7.699999999999999 | 1235.7359771728516 | 614145.8663307502
Execution time: 0.116

--- ITERATION 31 ---
23.6 | 1435.8142166137695 | 614146.2180529168
23.6 | 1435.8142166137695 | 614146.2347454168
23.6 | 1435.8142166137695 | 614146.2514379168
23.6 | 1435.8142166137695 | 614146.2681304167
23.6 | 1435.8142166137695 | 614146.2848229168
28.099999999999998 | 1435.8298416137695 | 614146.3015154168
28.099999999999998 | 1435.8298416137695 | 614146.3182079168
28.099999999999998 | 1435.8298416137695 | 614146.3349004168
Execution time: 0.211

--- ITERATION 32 ---
25.099999999999998 | 1584.7830352783203 | 614146.6019804168
25.099999999999998 | 1636.001808166504 | 614146.6186729168
25.099999999999998 | 1636.001808166504 | 614146.6353654168
25.099999999999998 | 1635.876808166504 | 614146.6520579169
25.099999999999998 | 1635.876808166504 | 614146.6687504168
28.8 | 1635.923683166504 | 614146.6854429168
28.8 | 1635.923683166504 | 614146.7021354168
28.8 | 1635.954933166504 | 614146.7188279168
28.8 | 1635.954933166504 | 614146.7355204168
28.8 | 1635.954933166504 | 614146.7522129169
28.8 | 1635.954933166504 | 614146.7689054168
28.8 | 1635.954933166504 | 614146.7855979168
Execution time: 0.153

--- ITERATION 33 ---
51.3 | 245.04779052734375 | 614146.9525229168
51.3 | 335.45410919189453 | 614146.9692154168
51.3 | 335.45410919189453 | 614146.9859079168
51.3 | 335.45410919189453 | 614147.0026004168
51.3 | 335.45410919189453 | 614147.0192929168
51.3 | 335.45410919189453 | 614147.0359854168
44.099999999999994 | 335.45410919189453 | 614147.0526779168
44.099999999999994 | 335.45410919189453 | 614147.0693704168
44.099999999999994 | 335.45410919189453 | 614147.0860629168
Execution time: 0.151

--- ITERATION 34 ---
43.199999999999996 | 535.6104965209961 | 614147.2696804168
43.199999999999996 | 535.6104965209961 | 614147.2863729168
40.300000000000004 | 535.6104965209961 | 614147.3030654168
40.300000000000004 | 535.6104965209961 | 614147.3197579168
40.300000000000004 | 535.6104965209961 | 614147.3364504168
40.300000000000004 | 535.6104965209961 | 614147.3531429168
40.300000000000004 | 535.6104965209961 | 614147.3698354168
40.300000000000004 | 535.6104965209961 | 614147.3865279168
40.300000000000004 | 535.6104965209961 | 614147.4032204167
40.300000000000004 | 535.6104965209961 | 614147.4199129168
30.6 | 535.6104965209961 | 614147.4366054168
Execution time: 0.449

--- ITERATION 35 ---
15.399999999999999 | 735.7512588500977 | 614147.9206879168
20.400000000000002 | 735.7512588500977 | 614147.9373804168
20.400000000000002 | 735.7512588500977 | 614147.9540729168
20.400000000000002 | 735.7512588500977 | 614147.9707654167
20.400000000000002 | 735.7512588500977 | 614147.9874579168
20.400000000000002 | 735.7512588500977 | 614148.0041504168
20.400000000000002 | 735.7512588500977 | 614148.0208429168
20.400000000000002 | 735.7512588500977 | 614148.0375354168
17.500000000000004 | 735.7512588500977 | 614148.0542279168
17.500000000000004 | 735.7512588500977 | 614148.0709204169
17.500000000000004 | 735.7512588500977 | 614148.0876129168
17.500000000000004 | 735.7512588500977 | 614148.1043054168
17.500000000000004 | 735.7512588500977 | 614148.1209979168
17.500000000000004 | 735.7512588500977 | 614148.1376904168
17.500000000000004 | 735.7512588500977 | 614148.1543829167
17.500000000000004 | 735.7512588500977 | 614148.1710754168
14.4 | 735.7512588500977 | 614148.1877679168
14.4 | 735.7512588500977 | 614148.2044604168
14.4 | 735.7512588500977 | 614148.2211529168
14.4 | 735.7512588500977 | 614148.2378454168
14.4 | 735.7512588500977 | 614148.2545379169
14.4 | 735.7512588500977 | 614148.2712304168
Execution time: 0.649

--- ITERATION 36 ---
15.9 | 865.673225402832 | 614148.9556229168
15.9 | 935.8920440673828 | 614148.9723154168
15.9 | 935.8920440673828 | 614148.9890079168
15.9 | 935.8920440673828 | 614149.0057004167
15.9 | 935.8920440673828 | 614149.0223929168
15.9 | 935.8920440673828 | 614149.0390854168
15.9 | 935.8920440673828 | 614149.0557779168
27.0 | 935.8920440673828 | 614149.0724704168
27.0 | 935.8920440673828 | 614149.0891629168
27.0 | 935.8920440673828 | 614149.1058554169
27.0 | 935.8920440673828 | 614149.1225479168
27.0 | 935.8920440673828 | 614149.1392404168
27.0 | 935.8920440673828 | 614149.1559329168
27.0 | 935.8920440673828 | 614149.1726254168
21.500000000000004 | 935.8920440673828 | 614149.1893179168
21.500000000000004 | 935.8920440673828 | 614149.2060104168
21.500000000000004 | 935.8920440673828 | 614149.2227029168
21.500000000000004 | 935.8920440673828 | 614149.2393954168
21.500000000000004 | 935.8920440673828 | 614149.2560879168
21.500000000000004 | 935.8920440673828 | 614149.2727804168
21.500000000000004 | 935.8920440673828 | 614149.2894729167
21.500000000000004 | 935.8920440673828 | 614149.3061654168
16.7 | 935.8920440673828 | 614149.3228579168
16.7 | 935.8920440673828 | 614149.3395504168
16.7 | 935.8920440673828 | 614149.3562429168
16.7 | 935.8920440673828 | 614149.3729354168
16.7 | 935.8920440673828 | 614149.3896279169
16.7 | 935.8920440673828 | 614149.4063204168
Execution time: 0.532

--- ITERATION 37 ---
8.3 | 1064.3452606201172 | 614149.9670202918
8.3 | 1136.0015563964844 | 614149.9837107084
8.3 | 1136.0015563964844 | 614150.0004011252
8.3 | 1136.0015563964844 | 614150.0170915418
8.3 | 1136.0015563964844 | 614150.0337819585
8.3 | 1136.0015563964844 | 614150.0504723751
23.999999999999996 | 1136.0015563964844 | 614150.0671627918
23.999999999999996 | 1136.0015563964844 | 614150.0838532085
23.999999999999996 | 1136.0015563964844 | 614150.1005436252
23.999999999999996 | 1136.0015563964844 | 614150.1172340418
23.999999999999996 | 1136.0015563964844 | 614150.1339244585
23.999999999999996 | 1136.0015563964844 | 614150.1506148751
23.999999999999996 | 1136.0015563964844 | 614150.1673052917
23.999999999999996 | 1136.0015563964844 | 614150.1839957085
17.6 | 1136.0015563964844 | 614150.2006861251
17.6 | 1136.0015563964844 | 614150.2173765418
17.6 | 1136.0015563964844 | 614150.2340669584
17.6 | 1136.0015563964844 | 614150.2507573751
17.6 | 1136.0015563964844 | 614150.2674477918
17.6 | 1136.0015563964844 | 614150.2841382085
17.6 | 1136.0015563964844 | 614150.3008286251
14.8 | 1136.0015563964844 | 614150.3175190418
14.8 | 1136.0015563964844 | 614150.3342094584
14.8 | 1136.0015563964844 | 614150.3508998752
14.8 | 1136.0015563964844 | 614150.3675902918
14.8 | 1136.0015563964844 | 614150.3842807085
14.8 | 1136.0015563964844 | 614150.4009711251
14.8 | 1136.0015563964844 | 614150.4176615418
12.8 | 1136.0015563964844 | 614150.4343519585
Execution time: 0.744

--- ITERATION 38 ---
9.0 | 1292.2047958374023 | 614151.2190002084
9.0 | 1336.126693725586 | 614151.2356930418
9.0 | 1336.126693725586 | 614151.2523858751
9.0 | 1336.126693725586 | 614151.2690787085
9.0 | 1336.126693725586 | 614151.2857715418
9.0 | 1336.126693725586 | 614151.3024643752
26.499999999999996 | 1336.126693725586 | 614151.3191572084
26.499999999999996 | 1336.126693725586 | 614151.3358500418
26.499999999999996 | 1336.126693725586 | 614151.3525428751
26.499999999999996 | 1336.126693725586 | 614151.3692357085
26.499999999999996 | 1336.126693725586 | 614151.3859285418
26.499999999999996 | 1336.126693725586 | 614151.4026213752
26.499999999999996 | 1336.126693725586 | 614151.4193142084
20.200000000000003 | 1336.126693725586 | 614151.4360070418
20.200000000000003 | 1336.126693725586 | 614151.4526998751
20.200000000000003 | 1336.126693725586 | 614151.4693927085
20.200000000000003 | 1336.126693725586 | 614151.4860855418
20.200000000000003 | 1336.126693725586 | 614151.5027783752
20.200000000000003 | 1336.126693725586 | 614151.5194712084
20.200000000000003 | 1336.126693725586 | 614151.5361640418
20.200000000000003 | 1336.126693725586 | 614151.5528568751
16.8 | 1336.126693725586 | 614151.5695497085
Execution time: 0.449

--- ITERATION 39 ---
12.9 | 1502.0955352783203 | 614152.0369490418
12.9 | 1536.2205352783203 | 614152.0536418752
17.4 | 1536.2205352783203 | 614152.0703347084
17.4 | 1536.2205352783203 | 614152.0870275418
17.4 | 1536.2830352783203 | 614152.1037203751
17.4 | 1536.2830352783203 | 614152.1204132085
17.4 | 1536.2830352783203 | 614152.1371060418
17.4 | 1536.2986602783203 | 614152.1537988752
17.4 | 1536.2986602783203 | 614152.1704917084
17.4 | 1536.2986602783203 | 614152.1871845418
17.400000000000002 | 1536.2986602783203 | 614152.2038773751
17.400000000000002 | 1536.2986602783203 | 614152.2205702085
17.400000000000002 | 1536.2986602783203 | 614152.2372630418
17.400000000000002 | 1536.3142852783203 | 614152.2539558752
17.400000000000002 | 1536.3142852783203 | 614152.2706487085
17.400000000000002 | 1536.3142852783203 | 614152.2873415418
17.400000000000002 | 1536.3142852783203 | 614152.3040343751
17.5 | 1536.3142852783203 | 614152.3207272085
17.5 | 1536.3142852783203 | 614152.3374200418
17.5 | 1536.3142852783203 | 614152.3541128752
17.5 | 1536.3299102783203 | 614152.3708057085
17.5 | 1536.3299102783203 | 614152.3874985419
17.5 | 1536.3299102783203 | 614152.4041913751
Execution time: 0.177

--- ITERATION 40 ---
25.6 | 235.70401763916016 | 614152.6579098335
25.6 | 235.70401763916016 | 614152.6712767085
25.6 | 235.70401763916016 | 614152.6879695418
45.3 | 235.70401763916016 | 614152.7046623752
45.3 | 235.70401763916016 | 614152.7213552084
45.3 | 235.70401763916016 | 614152.7380480418
45.3 | 235.70401763916016 | 614152.7547408751
45.3 | 235.70401763916016 | 614152.7714337085
45.3 | 235.70401763916016 | 614152.7881265418
45.3 | 235.70401763916016 | 614152.8048193752
31.300000000000004 | 235.70401763916016 | 614152.8215122084
Execution time: 0.121

--- ITERATION 41 ---
39.699999999999996 | 434.4385299682617 | 614152.9717477085
39.699999999999996 | 435.8604049682617 | 614152.9884405418
39.699999999999996 | 435.8604049682617 | 614153.0051333752
39.699999999999996 | 435.8604049682617 | 614153.0218262085
39.699999999999996 | 435.8604049682617 | 614153.0385190418
39.699999999999996 | 435.8604049682617 | 614153.0552118751
38.1 | 435.8604049682617 | 614153.0719047085
38.1 | 435.8604049682617 | 614153.0885975418
38.1 | 435.8604049682617 | 614153.1052903752
38.1 | 435.8604049682617 | 614153.1219832085
38.1 | 435.8604049682617 | 614153.1386760419
Execution time: 0.142

--- ITERATION 42 ---
38.099999999999994 | 538.6885986328125 | 614153.3056043751
35.50000000000001 | 636.0011672973633 | 614153.3222972085
35.50000000000001 | 635.9855422973633 | 614153.3389900418
35.50000000000001 | 635.9855422973633 | 614153.3556828751
35.50000000000001 | 635.9855422973633 | 614153.3723757084
35.50000000000001 | 635.9855422973633 | 614153.3890685418
35.50000000000001 | 635.9855422973633 | 614153.4057613751
35.50000000000001 | 635.9855422973633 | 614153.4224542085
35.50000000000001 | 635.9855422973633 | 614153.4391470418
28.2 | 635.9855422973633 | 614153.4558398752
28.2 | 635.9855422973633 | 614153.4725327084
Execution time: 0.118

--- ITERATION 43 ---
33.6 | 758.4543838500977 | 614153.6060753751
33.6 | 836.1106796264648 | 614153.6227682085
33.6 | 836.1106796264648 | 614153.6394610418
33.6 | 836.1106796264648 | 614153.6561538752
33.6 | 836.1106796264648 | 614153.6728467084
33.6 | 836.1106796264648 | 614153.6895395418
37.20000000000001 | 836.1106796264648 | 614153.7062323751
37.20000000000001 | 836.1106796264648 | 614153.7229252085
37.20000000000001 | 836.1106796264648 | 614153.7396180418
37.20000000000001 | 836.1106796264648 | 614153.7563108752
37.20000000000001 | 836.1106796264648 | 614153.7730037085
37.20000000000001 | 836.1106796264648 | 614153.7896965418
37.20000000000001 | 836.1106796264648 | 614153.8063893751
27.400000000000002 | 836.1106796264648 | 614153.8230822085
27.400000000000002 | 836.1106796264648 | 614153.8397750418
Execution time: 0.097

--- ITERATION 44 ---
34.800000000000004 | 958.3138961791992 | 614153.9900105417
34.800000000000004 | 1036.26708984375 | 614154.0067033751
34.800000000000004 | 1036.26708984375 | 614154.0233962084
34.800000000000004 | 1036.26708984375 | 614154.0400890418
34.800000000000004 | 1036.26708984375 | 614154.0567818751
37.49999999999999 | 1036.26708984375 | 614154.0734747085
37.49999999999999 | 1036.26708984375 | 614154.0901675418
37.49999999999999 | 1036.26708984375 | 614154.1068603751
37.49999999999999 | 1036.26708984375 | 614154.1235532084
Execution time: 0.183

--- ITERATION 45 ---
31.2 | 1236.3766021728516 | 614154.3405600418
31.2 | 1236.3766021728516 | 614154.3572528751
31.2 | 1236.3766021728516 | 614154.3739457085
31.2 | 1236.3766021728516 | 614154.3906385418
31.2 | 1236.3766021728516 | 614154.4073313752
31.2 | 1236.3766021728516 | 614154.4240242084
31.2 | 1236.3766021728516 | 614154.4407170418
31.799999999999997 | 1236.3766021728516 | 614154.4574098751
31.799999999999997 | 1236.3766021728516 | 614154.4741027085
31.799999999999997 | 1236.3766021728516 | 614154.4907955418
31.799999999999997 | 1236.3766021728516 | 614154.5074883752
Execution time: 0.146

--- ITERATION 46 ---
35.5 | 1411.7673416137695 | 614154.6744167084
35.5 | 1436.5485916137695 | 614154.6911095418
36.400000000000006 | 1436.5485916137695 | 614154.7078023751
36.400000000000006 | 1436.5485916137695 | 614154.7244952085
36.400000000000006 | 1436.5485916137695 | 614154.7411880417
36.400000000000006 | 1436.5485916137695 | 614154.7578808751
36.400000000000006 | 1436.5485916137695 | 614154.7745737084
36.400000000000006 | 1436.5485916137695 | 614154.7912665418
Execution time: 0.223

--- ITERATION 47 ---
32.6 | 1540.1423873901367 | 614155.0416590418
32.6 | 1636.626808166504 | 614155.0583518752
32.7 | 1636.626808166504 | 614155.0750447084
32.7 | 1636.626808166504 | 614155.0917375418
32.7 | 1636.626808166504 | 614155.1084303751
32.7 | 1636.626808166504 | 614155.1251232085
32.7 | 1636.673683166504 | 614155.1418160418
32.7 | 1636.673683166504 | 614155.1585088752
32.7 | 1636.673683166504 | 614155.1752017085
32.7 | 1636.673683166504 | 614155.1918945418
Execution time: 0.096

--- ITERATION 48 ---
54.800000000000004 | 336.12598419189453 | 614155.3254372085
54.800000000000004 | 336.12598419189453 | 614155.3421300418
54.800000000000004 | 336.12598419189453 | 614155.3588228752
54.800000000000004 | 336.12598419189453 | 614155.3755157085
54.800000000000004 | 336.12598419189453 | 614155.3922085417
54.800000000000004 | 336.12598419189453 | 614155.4089013751
54.800000000000004 | 336.12598419189453 | 614155.4255942084
54.800000000000004 | 336.12598419189453 | 614155.4422870418
43.6 | 336.12598419189453 | 614155.4589798751
43.6 | 336.12598419189453 | 614155.4756727085
43.6 | 336.12598419189453 | 614155.4923655418
43.6 | 336.12598419189453 | 614155.5090583751
43.6 | 336.12598419189453 | 614155.5257512084
Execution time: 0.141

--- ITERATION 49 ---
38.5 | 439.8135528564453 | 614155.6926795418
37.4 | 536.2667465209961 | 614155.7093723752
37.4 | 536.2667465209961 | 614155.7260652084
37.4 | 536.2667465209961 | 614155.7427580418
37.4 | 536.2667465209961 | 614155.7594508751
37.4 | 536.2667465209961 | 614155.7761437085
37.4 | 536.2667465209961 | 614155.7928365418
37.4 | 536.2667465209961 | 614155.8095293752
28.6 | 536.2667465209961 | 614155.8262222084
28.6 | 536.2667465209961 | 614155.8429150418
28.6 | 536.2667465209961 | 614155.8596078751
28.6 | 536.2667465209961 | 614155.8763007085
28.6 | 536.2667465209961 | 614155.8929935418
Execution time: 0.114

--- ITERATION 50 ---
32.9 | 692.8137359619141 | 614156.0265362085
32.9 | 736.4231338500977 | 614156.0432290419
32.9 | 736.4231338500977 | 614156.0599218751
36.800000000000004 | 736.4231338500977 | 614156.0766147085
36.800000000000004 | 736.4231338500977 | 614156.0933075418
36.800000000000004 | 736.4231338500977 | 614156.1100003752
36.800000000000004 | 736.4231338500977 | 614156.1266932085
36.800000000000004 | 736.4231338500977 | 614156.1433860417
36.800000000000004 | 736.4231338500977 | 614156.1600788751
Execution time: 0.137

--- ITERATION 51 ---
38.1 | 936.5639190673828 | 614156.3270072085
38.1 | 936.5639190673828 | 614156.3437000418
38.1 | 936.5795440673828 | 614156.3603928752
38.1 | 936.5795440673828 | 614156.3770857084
38.1 | 936.5795440673828 | 614156.3937785418
38.1 | 936.5795440673828 | 614156.4104713751
38.1 | 936.5795440673828 | 614156.4271642085
38.1 | 936.5795440673828 | 614156.4438570418
29.400000000000006 | 936.5795440673828 | 614156.4605498752
29.400000000000006 | 936.5795440673828 | 614156.4772427084
29.400000000000006 | 936.5951690673828 | 614156.4939355418
29.400000000000006 | 936.5951690673828 | 614156.5106283751
Execution time: 0.146

--- ITERATION 52 ---
34.3 | 1090.0952606201172 | 614156.6775567085
34.3 | 1136.7046813964844 | 614156.6942495418
34.4 | 1136.7046813964844 | 614156.7109423751
34.4 | 1136.7046813964844 | 614156.7276352085
34.4 | 1136.7046813964844 | 614156.7443280418
34.4 | 1136.7046813964844 | 614156.7610208752
Execution time: 0.205

--- ITERATION 53 ---
26.5 | 1336.814193725586 | 614157.0019626667
26.5 | 1336.814193725586 | 614157.0186326668
26.5 | 1336.814193725586 | 614157.0353026668
26.5 | 1336.814193725586 | 614157.0519726668
26.5 | 1336.814193725586 | 614157.0686426668
32.800000000000004 | 1336.814193725586 | 614157.0853126668
32.800000000000004 | 1336.814193725586 | 614157.1019826668
32.800000000000004 | 1336.814193725586 | 614157.1186526668
Execution time: 0.201

--- ITERATION 54 ---
26.900000000000002 | 1459.6267623901367 | 614157.3520326668
26.900000000000002 | 1536.9080352783203 | 614157.3687026668
26.900000000000002 | 1536.9080352783203 | 614157.3853726668
26.900000000000002 | 1536.9080352783203 | 614157.4020426668
26.900000000000002 | 1536.9080352783203 | 614157.4187126668
26.900000000000002 | 1536.9080352783203 | 614157.4353826668
33.9 | 1536.9080352783203 | 614157.4520526668
33.9 | 1536.9080352783203 | 614157.4687226668
33.9 | 1536.9080352783203 | 614157.4853926668
Execution time: 0.106

--- ITERATION 55 ---
39.1 | 1650.3768310546875 | 614157.6020826668
39.1 | 236.40714263916016 | 614157.6187526667
39.1 | 236.40714263916016 | 614157.6354226668
39.1 | 236.40714263916016 | 614157.6520926668
39.1 | 236.40714263916016 | 614157.6687626668
39.1 | 236.40714263916016 | 614157.6854326668
44.50000000000001 | 236.40714263916016 | 614157.7021026668
44.50000000000001 | 236.40714263916016 | 614157.7187726668
44.50000000000001 | 236.40714263916016 | 614157.7354426668
44.50000000000001 | 236.40714263916016 | 614157.7521126668
44.50000000000001 | 236.40714263916016 | 614157.7687826668
44.50000000000001 | 236.40714263916016 | 614157.7854526668
44.50000000000001 | 236.40714263916016 | 614157.8021226668
44.50000000000001 | 236.40714263916016 | 614157.8187926668
33.400000000000006 | 236.40714263916016 | 614157.8354626668
Execution time: 0.161

--- ITERATION 56 ---
37.0 | 436.5322799682617 | 614158.0188326668
37.0 | 436.5322799682617 | 614158.0355026668
37.0 | 436.5322799682617 | 614158.0521726668
37.0 | 436.5322799682617 | 614158.0688426668
38.699999999999996 | 436.5322799682617 | 614158.0855126668
38.699999999999996 | 436.5322799682617 | 614158.1021826668
38.699999999999996 | 436.5322799682617 | 614158.1188526668
38.699999999999996 | 436.5322799682617 | 614158.1355226669
38.699999999999996 | 436.5322799682617 | 614158.1521926668
38.699999999999996 | 436.5322799682617 | 614158.1688626668
38.699999999999996 | 436.5322799682617 | 614158.1855326669
Execution time: 0.104

--- ITERATION 57 ---
28.900000000000002 | 538.4073486328125 | 614158.3188926668
38.699999999999996 | 636.6730422973633 | 614158.3355626668
38.699999999999996 | 636.6730422973633 | 614158.3522326668
38.699999999999996 | 636.6730422973633 | 614158.3689026668
38.699999999999996 | 636.6730422973633 | 614158.3855726668
38.699999999999996 | 636.6730422973633 | 614158.4022426668
38.699999999999996 | 636.6730422973633 | 614158.4189126668
38.699999999999996 | 636.6730422973633 | 614158.4355826668
31.299999999999997 | 636.6730422973633 | 614158.4522526668
31.299999999999997 | 636.6730422973633 | 614158.4689226669
31.299999999999997 | 636.6730422973633 | 614158.4855926668
31.299999999999997 | 636.6730422973633 | 614158.5022626668
31.299999999999997 | 636.6730422973633 | 614158.5189326667
31.299999999999997 | 636.6730422973633 | 614158.5356026668
31.299999999999997 | 636.6730422973633 | 614158.5522726668
31.299999999999997 | 636.6730422973633 | 614158.5689426668
24.0 | 636.6730422973633 | 614158.5856126668
24.0 | 636.6730422973633 | 614158.6022826668
24.0 | 636.6730422973633 | 614158.6189526668
24.0 | 636.6730422973633 | 614158.6356226668
24.0 | 636.6730422973633 | 614158.6522926668
24.0 | 636.6730422973633 | 614158.6689626668
24.0 | 636.6730422973633 | 614158.6856326668
24.0 | 636.6730422973633 | 614158.7023026668
15.3 | 636.6730422973633 | 614158.7189726668
15.3 | 636.6730422973633 | 614158.7356426668
15.3 | 636.6730422973633 | 614158.7523126669
15.3 | 636.6730422973633 | 614158.7689826668
15.3 | 636.6730422973633 | 614158.7856526668
15.3 | 636.6730422973633 | 614158.8023226669
15.3 | 636.6730422973633 | 614158.8189926668
11.2 | 636.6730422973633 | 614158.8356626668
11.2 | 636.6730422973633 | 614158.8523326667
Execution time: 0.522

--- ITERATION 58 ---
11.3 | 792.8919067382812 | 614159.4024426668
11.3 | 836.7669296264648 | 614159.4191126669
11.3 | 836.7669296264648 | 614159.4357826668
11.3 | 836.7669296264648 | 614159.4524526668
15.399999999999999 | 836.7669296264648 | 614159.4691226667
15.399999999999999 | 836.7669296264648 | 614159.4857926668
15.399999999999999 | 836.7669296264648 | 614159.5024626668
15.399999999999999 | 836.7669296264648 | 614159.5191326668
15.399999999999999 | 836.7669296264648 | 614159.5358026668
15.399999999999999 | 836.7669296264648 | 614159.5524726668
15.399999999999999 | 836.7669296264648 | 614159.5691426668
13.700000000000001 | 836.7669296264648 | 614159.5858126668
13.700000000000001 | 836.7669296264648 | 614159.6024826668
13.700000000000001 | 836.7669296264648 | 614159.6191526668
13.700000000000001 | 836.7669296264648 | 614159.6358226668
13.700000000000001 | 836.7669296264648 | 614159.6524926668
13.700000000000001 | 836.7669296264648 | 614159.6691626668
13.700000000000001 | 836.7669296264648 | 614159.6858326668
13.700000000000001 | 836.7669296264648 | 614159.7025026669
12.0 | 836.7669296264648 | 614159.7191726668
12.0 | 836.7669296264648 | 614159.7358426668
12.0 | 836.7669296264648 | 614159.7525126667
12.0 | 836.7669296264648 | 614159.7691826668
12.0 | 836.7669296264648 | 614159.7858526668
12.0 | 836.7669296264648 | 614159.8025226668
12.0 | 836.7669296264648 | 614159.8191926668
11.4 | 836.7669296264648 | 614159.8358626668
11.4 | 836.7669296264648 | 614159.8525326668
11.4 | 836.7669296264648 | 614159.8692026668
Execution time: 0.562

--- ITERATION 59 ---
17.500000000000004 | 1036.86083984375 | 614160.4693226668
17.500000000000004 | 1036.86083984375 | 614160.4859926668
17.500000000000004 | 1036.86083984375 | 614160.5026626668
17.500000000000004 | 1036.86083984375 | 614160.5193326668
17.500000000000004 | 1036.86083984375 | 614160.5360026668
17.500000000000004 | 1036.86083984375 | 614160.5526726668
17.500000000000004 | 1036.86083984375 | 614160.5693426668
17.500000000000004 | 1036.86083984375 | 614160.5860126668
13.799999999999999 | 1036.86083984375 | 614160.6026826669
13.799999999999999 | 1036.86083984375 | 614160.6193526668
13.799999999999999 | 1036.86083984375 | 614160.6360226668
13.799999999999999 | 1036.86083984375 | 614160.6526926669
13.799999999999999 | 1036.86083984375 | 614160.6693626668
13.799999999999999 | 1036.86083984375 | 614160.6860326668
13.799999999999999 | 1036.86083984375 | 614160.7027026667
8.8 | 1036.86083984375 | 614160.7193726668
8.8 | 1036.86083984375 | 614160.7360426668
8.8 | 1036.86083984375 | 614160.7527126668
8.8 | 1036.86083984375 | 614160.7693826668
8.8 | 1036.86083984375 | 614160.7860526668
8.8 | 1036.86083984375 | 614160.8027226668
8.8 | 1036.86083984375 | 614160.8193926668
8.8 | 1036.86083984375 | 614160.8360626668
15.099999999999998 | 1036.86083984375 | 614160.8527326668
15.099999999999998 | 1036.86083984375 | 614160.8694026668
15.099999999999998 | 1036.86083984375 | 614160.8860726668
15.099999999999998 | 1036.86083984375 | 614160.9027426668
15.099999999999998 | 1036.86083984375 | 614160.9194126668
15.099999999999998 | 1036.86083984375 | 614160.9360826669
15.099999999999998 | 1036.86083984375 | 614160.9527526668
16.6 | 1036.86083984375 | 614160.9694226668
Execution time: 0.458

--- ITERATION 60 ---
14.500000000000002 | 1138.8765335083008 | 614161.4528526668
18.1 | 1236.9859771728516 | 614161.4695226668
18.1 | 1236.9859771728516 | 614161.4861926668
18.1 | 1236.9859771728516 | 614161.5028626668
18.1 | 1236.9859771728516 | 614161.5195326668
18.1 | 1236.9859771728516 | 614161.5362026668
Execution time: 0.158

--- ITERATION 61 ---
34.1 | 1437.0954666137695 | 614161.7195726668
34.1 | 1437.2204666137695 | 614161.7362426668
34.1 | 1437.0954666137695 | 614161.7529126668
34.1 | 1437.0954666137695 | 614161.7695826668
34.1 | 1437.0954666137695 | 614161.7862526668
34.1 | 1437.0954666137695 | 614161.8029226668
34.1 | 1437.0954666137695 | 614161.8195926668
34.1 | 1437.0954666137695 | 614161.8362626669
29.0 | 1437.0954666137695 | 614161.8529326668
29.0 | 1437.0954666137695 | 614161.8696026668
Execution time: 0.248

--- ITERATION 62 ---
25.0 | 1637.204933166504 | 614162.1529926668
25.0 | 1637.204933166504 | 614162.1696626669
25.0 | 1637.204933166504 | 614162.1863326668
25.0 | 1637.204933166504 | 614162.2030026668
36.0 | 1637.204933166504 | 614162.2196726667
Execution time: 0.189

--- ITERATION 63 ---
44.099999999999994 | 288.95406341552734 | 614162.4363826668
44.099999999999994 | 336.67285919189453 | 614162.4530526669
39.400000000000006 | 336.70410919189453 | 614162.4697226668
39.400000000000006 | 336.70410919189453 | 614162.4863926668
39.400000000000006 | 336.70410919189453 | 614162.5030626669
39.400000000000006 | 336.70410919189453 | 614162.5197326668
Execution time: 0.23

--- ITERATION 64 ---
30.2 | 478.3917007446289 | 614162.7697826668
30.2 | 536.8604965209961 | 614162.7864526669
30.2 | 536.8604965209961 | 614162.8031226668
30.2 | 536.8604965209961 | 614162.8197926668
30.2 | 536.8604965209961 | 614162.8364626667
34.599999999999994 | 536.8604965209961 | 614162.8531326668
34.599999999999994 | 536.8604965209961 | 614162.8698026668
Execution time: 0.158

--- ITERATION 65 ---
36.1 | 657.5012130737305 | 614163.0531726668
36.1 | 736.9700088500977 | 614163.0698426669
36.1 | 736.9387588500977 | 614163.0865126668
35.3 | 736.9387588500977 | 614163.1031826668
35.3 | 736.9387588500977 | 614163.1198526669
35.3 | 736.9387588500977 | 614163.1365226668
35.3 | 736.9387588500977 | 614163.1531926668
35.3 | 736.9387588500977 | 614163.1698626667
Execution time: 0.243

--- ITERATION 66 ---
27.900000000000006 | 937.0482940673828 | 614163.4532526667
27.900000000000006 | 937.0482940673828 | 614163.4699226668
30.799999999999997 | 937.0482940673828 | 614163.4865926668
30.799999999999997 | 937.0482940673828 | 614163.5032626668
30.799999999999997 | 937.0482940673828 | 614163.5199326668
30.799999999999997 | 937.0482940673828 | 614163.5366026668
30.799999999999997 | 937.0482940673828 | 614163.5532726668
Execution time: 0.136

--- ITERATION 67 ---
36.00000000000001 | 1137.1578063964844 | 614163.7199726668
35.8 | 1137.1265563964844 | 614163.7366426669
35.8 | 1137.1265563964844 | 614163.7533126668
35.8 | 1137.1265563964844 | 614163.7699826668
35.8 | 1137.1265563964844 | 614163.7866526667
35.8 | 1137.1265563964844 | 614163.8033226668
35.8 | 1137.1265563964844 | 614163.8199926668
35.8 | 1137.1265563964844 | 614163.8366626668
32.7 | 1137.1265563964844 | 614163.8533326668
32.7 | 1137.1265563964844 | 614163.8700026668
32.7 | 1137.1265563964844 | 614163.8866726668
32.7 | 1137.1265563964844 | 614163.9033426668
Execution time: 0.106

--- ITERATION 68 ---
33.3 | 1255.5485229492188 | 614164.0367026668
33.3 | 1337.267318725586 | 614164.0533726668
33.3 | 1337.267318725586 | 614164.0700426667
33.3 | 1337.267318725586 | 614164.0867126668
40.8 | 1337.267318725586 | 614164.1033826668
40.8 | 1337.267318725586 | 614164.1200526668
40.8 | 1337.267318725586 | 614164.1367226668
40.8 | 1337.267318725586 | 614164.1533926668
40.8 | 1337.267318725586 | 614164.1700626668
Execution time: 0.14

--- ITERATION 69 ---
35.8 | 1537.3767852783203 | 614164.3367626668
38.900000000000006 | 1537.3767852783203 | 614164.3534326669
38.900000000000006 | 1537.3767852783203 | 614164.3701026668
38.900000000000006 | 1537.3767852783203 | 614164.3867726668
38.900000000000006 | 1537.3767852783203 | 614164.4034426667
38.900000000000006 | 1537.3767852783203 | 614164.4201126668
38.900000000000006 | 1537.3767852783203 | 614164.4367826668
38.900000000000006 | 1537.3767852783203 | 614164.4534526668
38.900000000000006 | 1537.3767852783203 | 614164.4701226668
31.099999999999998 | 1537.3767852783203 | 614164.4867926668
31.099999999999998 | 1537.3767852783203 | 614164.5034626668
31.099999999999998 | 1537.3767852783203 | 614164.5201326668
Execution time: 0.13

--- ITERATION 70 ---
34.400000000000006 | 236.76651763916016 | 614164.6868326667
34.400000000000006 | 236.76651763916016 | 614164.7035026668
34.400000000000006 | 236.76651763916016 | 614164.7201726668
42.800000000000004 | 236.76651763916016 | 614164.7368426668
42.800000000000004 | 236.76651763916016 | 614164.7535126668
42.800000000000004 | 236.76651763916016 | 614164.7701826668
42.800000000000004 | 236.76651763916016 | 614164.7868526668
42.800000000000004 | 236.76651763916016 | 614164.8035226668
Execution time: 0.114

--- ITERATION 71 ---
39.300000000000004 | 387.06348419189453 | 614164.9368826668
39.300000000000004 | 436.8760299682617 | 614164.9535526668
39.300000000000004 | 436.8760299682617 | 614164.9702226669
39.300000000000004 | 436.8760299682617 | 614164.9868926668
39.300000000000004 | 436.8760299682617 | 614165.0035626668
39.300000000000004 | 436.8760299682617 | 614165.0202326667
39.300000000000004 | 436.8760299682617 | 614165.0369026668
39.300000000000004 | 436.8760299682617 | 614165.0535726668
39.300000000000004 | 436.8760299682617 | 614165.0702426668
39.300000000000004 | 436.8760299682617 | 614165.0869126668
32.0 | 436.8760299682617 | 614165.1035826668
32.0 | 436.8760299682617 | 614165.1202526668
32.0 | 436.8760299682617 | 614165.1369226668
32.0 | 436.8760299682617 | 614165.1535926668
32.0 | 436.8760299682617 | 614165.1702626668
32.0 | 436.8760299682617 | 614165.1869326668
32.0 | 436.8760299682617 | 614165.2036026669
Execution time: 0.086

--- ITERATION 72 ---
29.400000000000002 | 609.4542694091797 | 614165.3202926668
29.400000000000002 | 636.9855422973633 | 614165.3369626668
41.699999999999996 | 636.9855422973633 | 614165.3536326668
41.699999999999996 | 636.9855422973633 | 614165.3703026668
41.699999999999996 | 636.9855422973633 | 614165.3869726668
41.699999999999996 | 636.9855422973633 | 614165.4036426668
41.699999999999996 | 636.9855422973633 | 614165.4203126668
41.699999999999996 | 636.9855422973633 | 614165.4369826668
41.699999999999996 | 636.9855422973633 | 614165.4536526668
Execution time: 0.13

--- ITERATION 73 ---
39.099999999999994 | 830.3919296264648 | 614165.6036826668
38.6 | 837.1263046264648 | 614165.6203526668
38.6 | 837.1263046264648 | 614165.6370226667
38.6 | 837.1263046264648 | 614165.6536926668
38.6 | 837.1263046264648 | 614165.6703626668
38.6 | 837.1263046264648 | 614165.6870326668
38.6 | 837.1263046264648 | 614165.7037026668
38.6 | 837.1263046264648 | 614165.7203726668
31.7 | 837.1263046264648 | 614165.7370426668
31.7 | 837.1263046264648 | 614165.7537126668
31.7 | 837.1263046264648 | 614165.7703826668
31.7 | 837.1263046264648 | 614165.7870526668
31.7 | 837.1263046264648 | 614165.8037226668
31.7 | 837.1263046264648 | 614165.8203926669
31.7 | 837.1263046264648 | 614165.8370626668
Execution time: 0.128

--- ITERATION 74 ---
32.0 | 1009.9076919555664 | 614165.9870926668
32.0 | 1037.26708984375 | 614166.0037626668
32.0 | 1037.26708984375 | 614166.0204326668
32.0 | 1037.26708984375 | 614166.0371026668
32.0 | 1037.26708984375 | 614166.0537726668
32.0 | 1037.26708984375 | 614166.0704426668
Execution time: 0.177

--- ITERATION 75 ---
31.499999999999996 | 1237.3609771728516 | 614166.2871526668
31.499999999999996 | 1237.3609771728516 | 614166.3038226668
31.499999999999996 | 1237.3609771728516 | 614166.3204926668
31.499999999999996 | 1237.3609771728516 | 614166.3371626668
31.499999999999996 | 1237.3609771728516 | 614166.3538326668
36.30000000000001 | 1237.3609771728516 | 614166.3705026668
36.30000000000001 | 1237.3766021728516 | 614166.3871726668
36.30000000000001 | 1237.3766021728516 | 614166.4038426668
Execution time: 0.117

--- ITERATION 76 ---
33.1 | 1404.9704666137695 | 614166.5372026667
33.1 | 1437.4860916137695 | 614166.5538726668
33.1 | 1437.4860916137695 | 614166.5705426668
33.1 | 1437.4860916137695 | 614166.5872126668
33.1 | 1437.4860916137695 | 614166.6038826668
34.900000000000006 | 1437.4860916137695 | 614166.6205526668
34.900000000000006 | 1437.4860916137695 | 614166.6372226668
34.900000000000006 | 1437.4860916137695 | 614166.6538926668
34.900000000000006 | 1437.4860916137695 | 614166.6705626668
Execution time: 0.221

--- ITERATION 77 ---
25.3 | 1637.611183166504 | 614166.9206126668
25.3 | 1637.611183166504 | 614166.9372826668
25.3 | 1637.611183166504 | 614166.9539526668
25.3 | 1637.611183166504 | 614166.9706226668
35.2 | 1637.611183166504 | 614166.9872926668
35.2 | 1637.704933166504 | 614167.0039626668
Execution time: 0.155

--- ITERATION 78 ---
42.00000000000001 | 337.15723419189453 | 614167.1873326668
42.00000000000001 | 337.15723419189453 | 614167.2040026668
42.00000000000001 | 337.15723419189453 | 614167.2206726668
43.00000000000001 | 337.15723419189453 | 614167.2373426668
43.00000000000001 | 337.15723419189453 | 614167.2540126668
43.00000000000001 | 337.15723419189453 | 614167.2706826668
43.00000000000001 | 337.17285919189453 | 614167.2873526668
43.00000000000001 | 337.17285919189453 | 614167.3040226668
43.00000000000001 | 337.17285919189453 | 614167.3206926668
Execution time: 0.143

--- ITERATION 79 ---
32.89999999999999 | 482.4385757446289 | 614167.4873926667
32.89999999999999 | 537.2979965209961 | 614167.5040626668
32.89999999999999 | 537.2979965209961 | 614167.5207326668
32.89999999999999 | 537.2979965209961 | 614167.5374026668
32.89999999999999 | 537.2979965209961 | 614167.5540726668
32.89999999999999 | 537.2979965209961 | 614167.5707426668
32.89999999999999 | 537.2979965209961 | 614167.5874126668
32.89999999999999 | 537.2979965209961 | 614167.6040826668
32.4 | 537.2979965209961 | 614167.6207526668
Execution time: 0.251

--- ITERATION 80 ---
21.6 | 719.3918838500977 | 614167.9041426668
21.6 | 737.3918838500977 | 614167.9208126668
21.6 | 737.3918838500977 | 614167.9374826668
21.6 | 737.3918838500977 | 614167.9541526668
21.6 | 737.3606338500977 | 614167.9708226668
29.8 | 737.3606338500977 | 614167.9874926668
29.8 | 737.3606338500977 | 614168.0041626669
29.8 | 737.3606338500977 | 614168.0208326668
29.8 | 737.3606338500977 | 614168.0375026668
29.8 | 737.3606338500977 | 614168.0541726667
29.8 | 737.3606338500977 | 614168.0708426668
29.8 | 737.3606338500977 | 614168.0875126668
29.8 | 737.3606338500977 | 614168.1041826667
20.200000000000003 | 737.3606338500977 | 614168.1208526668
20.200000000000003 | 737.3606338500977 | 614168.1375226668
20.200000000000003 | 737.3606338500977 | 614168.1541926668
20.200000000000003 | 737.3606338500977 | 614168.1708626668
20.200000000000003 | 737.3606338500977 | 614168.1875326668
20.200000000000003 | 737.3606338500977 | 614168.2042026668
20.200000000000003 | 737.3606338500977 | 614168.2208726668
13.6 | 737.3606338500977 | 614168.2375426668
13.6 | 737.3606338500977 | 614168.2542126668
13.6 | 737.3606338500977 | 614168.2708826668
13.6 | 737.3606338500977 | 614168.2875526669
13.6 | 737.3606338500977 | 614168.3042226668
13.6 | 737.3606338500977 | 614168.3208926668
13.6 | 737.3606338500977 | 614168.3375626669
13.6 | 737.3606338500977 | 614168.3542326668
11.4 | 737.3606338500977 | 614168.3709026668
11.4 | 737.3606338500977 | 614168.3875726667
11.4 | 737.3606338500977 | 614168.4042426668
11.4 | 737.3606338500977 | 614168.4209126668
11.4 | 737.3606338500977 | 614168.4375826668
11.4 | 737.3606338500977 | 614168.4542526668
11.4 | 737.3606338500977 | 614168.4709226668
7.2 | 737.3606338500977 | 614168.4875926668
7.2 | 737.3606338500977 | 614168.5042626668
7.2 | 737.3606338500977 | 614168.5209326668
7.2 | 737.3606338500977 | 614168.5376026668
7.2 | 737.3606338500977 | 614168.5542726668
7.2 | 737.3606338500977 | 614168.5709426668
7.2 | 737.3606338500977 | 614168.5876126668
7.2 | 737.3606338500977 | 614168.6042826668
5.8 | 737.3606338500977 | 614168.6209526669
5.8 | 737.3606338500977 | 614168.6376226668
5.8 | 737.3606338500977 | 614168.6542926668
5.8 | 737.3606338500977 | 614168.6709626667
5.8 | 737.3606338500977 | 614168.6876326668
5.8 | 737.3606338500977 | 614168.7043026668
5.8 | 737.3606338500977 | 614168.7209726667
6.4 | 737.3606338500977 | 614168.7376426668
6.4 | 737.3606338500977 | 614168.7543126668
Execution time: 0.539

--- ITERATION 81 ---
5.7 | 858.970100402832 | 614169.3210926668
5.7 | 937.5170440673828 | 614169.3377626667
5.7 | 937.5170440673828 | 614169.3544326668
24.6 | 937.5170440673828 | 614169.3711026668
24.6 | 937.5170440673828 | 614169.3877726668
24.6 | 937.5170440673828 | 614169.4044426668
24.6 | 937.5170440673828 | 614169.4211126668
24.6 | 937.5170440673828 | 614169.4377826668
24.6 | 937.5170440673828 | 614169.4544526668
24.6 | 937.5170440673828 | 614169.4711226668
24.6 | 937.5170440673828 | 614169.4877926668
16.799999999999997 | 937.5170440673828 | 614169.5044626668
16.799999999999997 | 937.5170440673828 | 614169.5211326669
16.799999999999997 | 937.5170440673828 | 614169.5378026668
16.799999999999997 | 937.5170440673828 | 614169.5544726668
16.799999999999997 | 937.5170440673828 | 614169.5711426669
16.799999999999997 | 937.5170440673828 | 614169.5878126668
16.799999999999997 | 937.5170440673828 | 614169.6044826668
13.7 | 937.5170440673828 | 614169.6211526667
13.7 | 937.5170440673828 | 614169.6378226668
13.7 | 937.5170440673828 | 614169.6544926668
13.7 | 937.5170440673828 | 614169.6711626668
13.7 | 937.5170440673828 | 614169.6878326668
13.7 | 937.5170440673828 | 614169.7045026668
13.7 | 937.5170440673828 | 614169.7211726668
13.7 | 937.5170440673828 | 614169.7378426668
15.299999999999997 | 937.5170440673828 | 614169.7545126668
15.299999999999997 | 937.5170440673828 | 614169.7711826668
Execution time: 0.644

--- ITERATION 82 ---
14.599999999999998 | 1075.4858856201172 | 614170.4379826668
14.599999999999998 | 1137.6421813964844 | 614170.4546526668
14.599999999999998 | 1137.6421813964844 | 614170.4713226669
14.599999999999998 | 1137.6421813964844 | 614170.4879926668
18.200000000000003 | 1137.6421813964844 | 614170.5046626668
18.200000000000003 | 1137.6421813964844 | 614170.5213326667
18.200000000000003 | 1137.6421813964844 | 614170.5380026668
18.200000000000003 | 1137.6421813964844 | 614170.5546726668
18.200000000000003 | 1137.6421813964844 | 614170.5713426667
18.200000000000003 | 1137.6421813964844 | 614170.5880126668
18.200000000000003 | 1137.6421813964844 | 614170.6046826668
14.0 | 1137.6421813964844 | 614170.6213526668
14.0 | 1137.6421813964844 | 614170.6380226668
14.0 | 1137.6421813964844 | 614170.6546926668
14.0 | 1137.6421813964844 | 614170.6713626668
14.0 | 1137.6421813964844 | 614170.6880326668
14.0 | 1137.6421813964844 | 614170.7047026668
14.0 | 1137.6421813964844 | 614170.7213726668
14.0 | 1137.6421813964844 | 614170.7380426668
14.8 | 1137.6421813964844 | 614170.7547126669
14.8 | 1137.6421813964844 | 614170.7713826668
14.8 | 1137.6421813964844 | 614170.7880526668
14.8 | 1137.6421813964844 | 614170.8047226669
14.8 | 1137.6421813964844 | 614170.8213926668
14.8 | 1137.6421813964844 | 614170.8380626668
14.8 | 1137.6421813964844 | 614170.8547326667
11.299999999999999 | 1137.6421813964844 | 614170.8714026668
11.299999999999999 | 1137.6421813964844 | 614170.8880726668
11.299999999999999 | 1137.6421813964844 | 614170.9047426668
11.299999999999999 | 1137.6421813964844 | 614170.9214126668
11.299999999999999 | 1137.6421813964844 | 614170.9380826668
11.299999999999999 | 1137.6421813964844 | 614170.9547526668
11.299999999999999 | 1137.6421813964844 | 614170.9714226668
11.299999999999999 | 1137.5953063964844 | 614170.9880926668
8.5 | 1137.5953063964844 | 614171.0047626668
Execution time: 0.114

--- ITERATION 83 ---
29.200000000000003 | 1306.5797958374023 | 614171.1547926668
29.200000000000003 | 1337.689193725586 | 614171.1714626668
29.200000000000003 | 1337.689193725586 | 614171.1881326667
29.200000000000003 | 1337.689193725586 | 614171.2048026668
29.200000000000003 | 1337.689193725586 | 614171.2214726668
29.200000000000003 | 1337.689193725586 | 614171.2381426668
32.4 | 1337.689193725586 | 614171.2548126668
32.4 | 1337.689193725586 | 614171.2714826668
32.4 | 1337.689193725586 | 614171.2881526668
Execution time: 0.231

--- ITERATION 84 ---
27.0 | 1449.4080123901367 | 614171.5382026668
27.0 | 1537.7517852783203 | 614171.5548726668
27.0 | 1537.7517852783203 | 614171.5715426668
27.0 | 1537.7517852783203 | 614171.5882126668
27.0 | 1537.7517852783203 | 614171.6048826668
34.0 | 1537.7517852783203 | 614171.6215526668
34.0 | 1537.7517852783203 | 614171.6382226668
Execution time: 0.228

--- ITERATION 85 ---
28.800000000000004 | 237.26651763916016 | 614171.9771094169
48.0 | 237.25089263916016 | 614172.0049626668
48.0 | 237.25089263916016 | 614172.0216326668
48.0 | 237.25089263916016 | 614172.0383026669
48.0 | 237.25089263916016 | 614172.0549726668
48.0 | 237.25089263916016 | 614172.0716426668
48.0 | 237.25089263916016 | 614172.0883126667
48.0 | 237.25089263916016 | 614172.1049826668
Execution time: 0.138

--- ITERATION 86 ---
37.7 | 338.46971130371094 | 614172.2550126668
37.7 | 437.3447799682617 | 614172.2716826668
37.7 | 437.3447799682617 | 614172.2883526668
37.7 | 437.3447799682617 | 614172.3050226668
37.7 | 437.3447799682617 | 614172.3216926669
37.7 | 437.3447799682617 | 614172.3383626668
37.7 | 437.3447799682617 | 614172.3550326668
35.99999999999999 | 437.3447799682617 | 614172.3717026667
35.99999999999999 | 437.3447799682617 | 614172.3883726668
35.99999999999999 | 437.3447799682617 | 614172.4050426668
35.99999999999999 | 437.3447799682617 | 614172.4217126667
35.99999999999999 | 437.3447799682617 | 614172.4383826668
35.99999999999999 | 437.3447799682617 | 614172.4550526668
35.99999999999999 | 437.3447799682617 | 614172.4717226668
35.99999999999999 | 437.3447799682617 | 614172.4883926668
23.2 | 437.3447799682617 | 614172.5050626668
23.2 | 437.3447799682617 | 614172.5217326668
23.2 | 437.3447799682617 | 614172.5384026668
Execution time: 0.157

--- ITERATION 87 ---
35.9 | 637.4542922973633 | 614172.7217726668
35.9 | 637.4542922973633 | 614172.7384426668
36.0 | 637.4542922973633 | 614172.7551126668
36.0 | 637.4542922973633 | 614172.7717826668
36.0 | 637.4542922973633 | 614172.7884526668
36.0 | 637.4542922973633 | 614172.8051226668
36.0 | 637.4542922973633 | 614172.8217926668
36.0 | 637.4542922973633 | 614172.8384626668
36.0 | 637.4542922973633 | 614172.8551326668
36.0 | 637.4542922973633 | 614172.8718026668
32.3 | 637.4542922973633 | 614172.8884726668
32.3 | 637.4542922973633 | 614172.9051426668
32.3 | 637.4542922973633 | 614172.9218126668
32.3 | 637.4542922973633 | 614172.9384826669
Execution time: 0.125

--- ITERATION 88 ---
32.7 | 755.4543838500977 | 614173.0885126668
32.7 | 837.5638046264648 | 614173.1051826668
32.7 | 837.5638046264648 | 614173.1218526668
35.1 | 837.5638046264648 | 614173.1385226668
35.1 | 837.5638046264648 | 614173.1551926668
35.1 | 837.5638046264648 | 614173.1718626668
35.1 | 837.5638046264648 | 614173.1885326668
35.1 | 837.5638046264648 | 614173.2052026668
35.1 | 837.5638046264648 | 614173.2218726669
Execution time: 0.129

--- ITERATION 89 ---
35.6 | 1037.72021484375 | 614173.3719026668
37.0 | 1037.72021484375 | 614173.3885726668
37.0 | 1037.72021484375 | 614173.4052426668
37.0 | 1037.72021484375 | 614173.4219126668
37.0 | 1037.72021484375 | 614173.4385826668
37.0 | 1037.72021484375 | 614173.4552526668
37.0 | 1037.72021484375 | 614173.4719226668
37.0 | 1037.72021484375 | 614173.4885926668
34.699999999999996 | 1037.72021484375 | 614173.5052626668
34.699999999999996 | 1037.72021484375 | 614173.5219326668
34.699999999999996 | 1037.72021484375 | 614173.5386026668
34.699999999999996 | 1037.72021484375 | 614173.5552726669
34.699999999999996 | 1037.72021484375 | 614173.5719426668
34.699999999999996 | 1037.72021484375 | 614173.5886126668
Execution time: 0.084
