
--- ITERATION 0 ---

CPU | Memory (MB) | Timestamp
---
36.199999999999996 | 1175.9389419555664 | 2954.2322531666673
35.39999999999999 | 1192.45458984375 | 2954.2489120000005
35.39999999999999 | 1208.95458984375 | 2954.265570833334
35.39999999999999 | 1225.4702377319336 | 2954.2822296666673
35.39999999999999 | 1242.4858856201172 | 2954.2988885000004
35.39999999999999 | 1259.4858856201172 | 2954.315547333334
--- ITERATION 1 ---
35.39999999999999 | 1266.0015106201172 | 2954.332206166667
35.39999999999999 | 1279.6421585083008 | 2954.348865000001
36.099999999999994 | 1291.0327835083008 | 2954.365523833334
36.099999999999994 | 1302.7515335083008 | 2954.382182666667
36.099999999999994 | 1314.4859313964844 | 2954.398841500001
36.099999999999994 | 1326.7359313964844 | 2954.415500333334
36.099999999999994 | 1338.876579284668 | 2954.432159166667
36.099999999999994 | 1351.454704284668 | 2954.4488180000008
--- ITERATION 2 ---
36.099999999999994 | 1374.142204284668 | 2954.482135666667
36.2 | 1386.017204284668 | 2954.4987945000007
36.2 | 1399.2828521728516 | 2954.515453333334
36.2 | 1412.2203521728516 | 2954.5321121666675
36.2 | 1425.0953750610352 | 2954.5487710000007
36.2 | 1436.8141250610352 | 2954.565429833334
36.2 | 1451.3141250610352 | 2954.5820886666675
--- ITERATION 3 ---
36.2 | 1465.8453979492188 | 2954.5987475000006
37.8 | 1486.3610229492188 | 2954.615406333334
37.8 | 1509.4860458374023 | 2954.6320651666674
37.8 | 1528.111068725586 | 2954.6487240000006
37.8 | 1551.0798416137695 | 2954.665382833334
--- ITERATION 4 ---
37.8 | 1566.5173645019531 | 2954.6820416666674
37.8 | 1579.0173645019531 | 2954.6987005000005
37.8 | 1597.8923873901367 | 2954.715359333334
37.8 | 1615.0330123901367 | 2954.7320181666673
40.7 | 1627.0486602783203 | 2954.7486770000005
40.7 | 1639.0486602783203 | 2954.765335833334
40.7 | 1651.4705352783203 | 2954.7819946666673
--- ITERATION 5 ---
40.7 | 1663.079933166504 | 2954.7986535000005
40.7 | 1677.704933166504 | 2954.815312333334
40.7 | 1695.1268310546875 | 2954.8319711666672
--- ITERATION 6 ---

--- ITERATION 7 ---
48.49999999999999 | 313.95399475097656 | 2955.236414708334
49.8 | 235.0945281982422 | 2955.265100833334
49.8 | 243.01642608642578 | 2955.2817596666673
49.8 | 255.93830108642578 | 2955.2984185000005
--- ITERATION 8 ---
49.8 | 260.0789260864258 | 2955.3317361666673
49.8 | 268.0789260864258 | 2955.3483950000004
40.199999999999996 | 276.0945739746094 | 2955.365053833334
40.199999999999996 | 279.9695739746094 | 2955.381712666667
40.199999999999996 | 283.9695739746094 | 2955.398371500001
40.199999999999996 | 289.9695739746094 | 2955.415030333334
40.199999999999996 | 295.9695739746094 | 2955.431689166667
40.199999999999996 | 300.4695739746094 | 2955.448348000001
40.199999999999996 | 309.98522186279297 | 2955.465006833334
40.199999999999996 | 317.98522186279297 | 2955.481665666667
31.500000000000004 | 327.98522186279297 | 2955.4983245000008
31.500000000000004 | 333.98522186279297 | 2955.514983333334
31.500000000000004 | 335.98522186279297 | 2955.531642166667
31.500000000000004 | 340.00086975097656 | 2955.5483010000007
31.500000000000004 | 348.00086975097656 | 2955.564959833334
31.500000000000004 | 356.00086975097656 | 2955.5816186666675
--- ITERATION 9 ---
31.500000000000004 | 364.03214263916016 | 2955.5982775000007
25.700000000000003 | 376.03214263916016 | 2955.614936333334
25.700000000000003 | 384.04779052734375 | 2955.6315951666675
25.700000000000003 | 394.04779052734375 | 2955.6482540000006
25.700000000000003 | 404.96966552734375 | 2955.664912833334
25.700000000000003 | 415.81343841552734 | 2955.6815716666674
25.700000000000003 | 426.06343841552734 | 2955.6982305000006
25.700000000000003 | 438.06343841552734 | 2955.7148893333338
25.700000000000003 | 448.07908630371094 | 2955.7315481666674
--- ITERATION 10 ---
26.000000000000007 | 459.84471130371094 | 2955.7482070000005
26.000000000000007 | 472.09471130371094 | 2955.764865833334
26.000000000000007 | 487.93848419189453 | 2955.7815246666673
26.000000000000007 | 500.11035919189453 | 2955.7981835000005
26.000000000000007 | 512.1260070800781 | 2955.814842333334
26.000000000000007 | 528.8291320800781 | 2955.8315011666673
26.000000000000007 | 546.1416549682617 | 2955.8481600000005
--- ITERATION 11 ---
31.8 | 562.1416549682617 | 2955.864818833334
31.8 | 580.1573028564453 | 2955.8814776666673
31.8 | 598.5635528564453 | 2955.898136500001
31.8 | 616.1729507446289 | 2955.914795333334
31.8 | 634.1729507446289 | 2955.931454166667
31.8 | 654.1885986328125 | 2955.948113000001
--- ITERATION 12 ---
31.8 | 674.2354965209961 | 2955.964771833334
31.8 | 692.3604965209961 | 2955.981430666667
39.10000000000001 | 714.2511444091797 | 2955.998089500001
39.10000000000001 | 731.3605194091797 | 2956.014748333334
39.10000000000001 | 750.2667922973633 | 2956.031407166667
--- ITERATION 13 ---
39.10000000000001 | 767.7824401855469 | 2956.0480660000007
39.10000000000001 | 780.2824401855469 | 2956.064724833334
39.10000000000001 | 793.7824401855469 | 2956.0813836666675
39.10000000000001 | 805.9387130737305 | 2956.0980425000007
37.6 | 818.7980880737305 | 2956.114701333334
37.6 | 830.8137359619141 | 2956.1313601666675
37.6 | 842.3137359619141 | 2956.1480190000007
37.6 | 855.0324859619141 | 2956.164677833334
--- ITERATION 14 ---
37.6 | 866.8762588500977 | 2956.1813366666674
37.6 | 879.6575088500977 | 2956.1979955000006
37.6 | 899.4075317382812 | 2956.214654333334
37.6 | 922.8137817382812 | 2956.2313131666674
39.6 | 945.9388046264648 | 2956.2479720000006
39.6 | 958.5169525146484 | 2956.264630833334
--- ITERATION 15 ---
39.6 | 970.2982025146484 | 2956.2812896666674
39.6 | 982.5950775146484 | 2956.2979485000005
39.6 | 994.610725402832 | 2956.314607333334
39.6 | 1007.391975402832 | 2956.3312661666673
39.6 | 1019.610725402832 | 2956.3479250000005
40.1 | 1033.5013732910156 | 2956.364583833334
40.1 | 1047.1263732910156 | 2956.3812426666673
--- ITERATION 16 ---
40.1 | 1060.4076461791992 | 2956.3979015000004
40.1 | 1073.5638961791992 | 2956.414560333334
40.1 | 1085.0795440673828 | 2956.4312191666672
40.1 | 1098.5795440673828 | 2956.447878000001
40.1 | 1110.8139190673828 | 2956.464536833334
40.1 | 1123.4076919555664 | 2956.481195666667
39.4 | 1136.4701919555664 | 2956.497854500001
39.4 | 1147.5639419555664 | 2956.514513333334
--- ITERATION 17 ---
39.4 | 1160.48583984375 | 2956.531172166667
39.4 | 1181.1577377319336 | 2956.5478310000008
39.4 | 1204.7983627319336 | 2956.564489833334
39.4 | 1227.3921356201172 | 2956.581148666667
39.4 | 1252.6577835083008 | 2956.5978075000007
--- ITERATION 18 ---
44.9 | 1274.6577835083008 | 2956.614466333334
44.9 | 1299.4390563964844 | 2956.6311251666675
44.9 | 1322.689079284668 | 2956.6477840000007
44.9 | 1344.720329284668 | 2956.664442833334
--- ITERATION 19 ---
44.9 | 1365.267204284668 | 2956.6811016666675
44.9 | 1377.689079284668 | 2956.6977605000006
44.9 | 1391.8922271728516 | 2956.714419333334
44.9 | 1408.7047271728516 | 2956.7310781666674
46.8 | 1421.7203750610352 | 2956.7477370000006
46.8 | 1433.4860000610352 | 2956.7643958333338
46.8 | 1445.4547500610352 | 2956.7810546666674
46.8 | 1458.3141479492188 | 2956.7977135000006