
--- NEW BENCHMARK RUN ---
0.1778215000013006
0.11771137499817996
0.11469895833579358
0.1581591666690656
0.12741370833100518
0.14094004166690866
0.12487208333186572
0.19010174999857554
0.25573020833326154
0.19933783333181054
0.14557499999864376
0.1627919166639913
0.12906179166748188
0.11209279166723718
0.11894174999906681
0.11731908333240426
0.1356170833350916
0.1195622083323542
0.10868858333560638
0.12014212500071153


--- NEW BENCHMARK RUN ---
0.1273967499982973
0.13887883333518403
0.9715385416675417
0.6578412916678644
0.31948058333364315
0.6302538333329721
0.48958912499801954
0.5455307083320804
0.5441251666670723
0.4891268333340122
0.4437602916659671
0.24272575000213692
0.13710308333611465
0.14757841666505556
0.1469610833337356
0.11127441666758386
0.16862083333398914
0.2140842499975406
0.09589762500036159
0.14029350000055274

--- NEW BENCHMARK RUN ---
0.19577866666440968
0.4384241250008927
0.6948517500022717
0.5494923333317274
0.7301979166659294
0.7226752916649275
0.8140807083327672
0.70498512499762
0.49096783333516214
0.758445749997918
0.6589314583325176
0.5519429583328019
0.5019212500010326
0.25791362499876413
0.25729708333528833
0.17959145833083312
0.17585695833258796
0.16258716666561668
0.16442733333315118
0.17902254166619969

--- NEW BENCHMARK RUN ---
0.33359758333244827
0.36120870833838126
0.3739579999964917
0.28740641666809097
0.3273002083369647
0.19160362500406336
0.18960445833363337
0.19924420833558543
0.13342170833493583
0.12140466667187866
0.17821050000202376
0.233386583335232
0.2667784166696947
0.315590375001193
0.140315416669182
0.1848535416647792
0.1358734583336627
0.1253004583340953
0.1409757916626404
1.2035756666664383

--- NEW BENCHMARK RUN ---
0.22347591666664357
0.19283058333331837
0.12920833333333803
0.12847020833328315
0.14865904166668997
0.17694012499998735
0.1910227500000019
0.15102854166667612
0.14255479166666873
0.12421454166667445
0.14083429166669248
0.11794154166665294
0.12247987500001045
0.13439479166669344
0.11807820833331562
0.2936757083333532
0.1420840000000112
0.160116333333292
0.11377125000001342
0.19153716666664877
