
--- NEW BENCHMARK RUN ---
0.127717916664551
0.1305993749992922
0.11260183333433815
0.2091426250008226
0.1437567500033765
0.1333412500025588
0.10893020833464107
0.11166904166384484
0.12370816666953033
0.13454491666925605
0.11724995833355933
0.12420841666607885
0.12490741666624672
0.1420318333330215
0.11174050000045099
0.1293217916681897
0.1293468749972817
0.13394337499994435
0.11133966666602646
0.10963891666688141

--- NEW BENCHMARK RUN ---
0.12429312500171363
0.13106091666486464
0.1229467500015744
0.12447233333296026
0.2227418333350215
0.12755445833317935
0.11056449999887263
0.11477675000060117
0.14942350000274018
0.13592070833328762
0.11652970833165455
0.11939216666723951
0.12864766666461946
0.1325327083322918
0.10945437500049593
0.13177987499875599
0.13364412499868195
0.13512020833150018
0.12652933333447436
0.12209375000020373

--- NEW BENCHMARK RUN ---
0.133366208330699
0.1486579583324783
0.12432095833355561
0.13629091666734894
0.22062541666673496
0.16058283333404688
0.1314180833323917
0.1400410833339265
0.13355624999894644
0.16731174999949872
0.14575466666792636
0.1749426249989483
0.14490729166936944
0.18454416666645557
0.14610299999912968
0.16581279166712193
0.211090916665853
0.18933599999945727
0.13438412500181585
0.13943437499983702
