
--- ITERATION 0 ---

CPU | Memory (MB) | Timestamp
---
18.3 | 655.0791549682617 | 3151.156991583334
18.3 | 750.3604507446289 | 3151.1736548333342
18.3 | 750.3604507446289 | 3151.190318083334
18.3 | 750.3604507446289 | 3151.206981333334
37.5 | 750.3604507446289 | 3151.223644583334
37.5 | 750.3604507446289 | 3151.240307833334
37.5 | 750.3604507446289 | 3151.256971083334
37.5 | 750.3604507446289 | 3151.273634333334
37.5 | 750.3604507446289 | 3151.290297583334
37.5 | 750.3604507446289 | 3151.306960833334
37.5 | 750.3760757446289 | 3151.323624083334
37.5 | 750.3760757446289 | 3151.340287333334
24.5 | 750.3760757446289 | 3151.356950583334
24.5 | 750.3760757446289 | 3151.373613833334
24.5 | 750.3760757446289 | 3151.3902770833342
24.5 | 750.3760757446289 | 3151.406940333334
24.5 | 750.3760757446289 | 3151.423603583334
24.5 | 750.3760757446289 | 3151.440266833334
24.5 | 750.3760757446289 | 3151.456930083334
20.2 | 750.3760757446289 | 3151.473593333334
20.2 | 750.3760757446289 | 3151.490256583334
20.2 | 750.3760757446289 | 3151.506919833334
20.2 | 750.3760757446289 | 3151.523583083334
20.2 | 750.3760757446289 | 3151.540246333334
--- ITERATION 1 ---
20.2 | 765.9854507446289 | 3151.556909583334
20.2 | 850.5323944091797 | 3151.573572833334
20.2 | 850.5480194091797 | 3151.590236083334
36.5 | 850.5480194091797 | 3151.6068993333342
36.5 | 850.5948944091797 | 3151.623562583334
36.5 | 850.5949172973633 | 3151.640225833334
36.5 | 850.6417922973633 | 3151.656889083334
36.5 | 850.8136672973633 | 3151.673552333334
36.5 | 850.8136672973633 | 3151.690215583334
36.5 | 850.8136672973633 | 3151.706878833334
37.400000000000006 | 850.8136672973633 | 3151.723542083334
37.400000000000006 | 850.8136672973633 | 3151.740205333334
37.400000000000006 | 850.8136672973633 | 3151.756868583334
37.400000000000006 | 850.8136672973633 | 3151.773531833334
37.400000000000006 | 850.8136672973633 | 3151.790195083334
37.400000000000006 | 850.8136672973633 | 3151.806858333334
37.400000000000006 | 850.8136672973633 | 3151.8235215833342
37.400000000000006 | 850.8136672973633 | 3151.840184833334
29.000000000000004 | 850.8136672973633 | 3151.856848083334
29.000000000000004 | 850.8136672973633 | 3151.873511333334
29.000000000000004 | 850.8136672973633 | 3151.890174583334
29.000000000000004 | 850.8136672973633 | 3151.906837833334
--- ITERATION 2 ---
29.000000000000004 | 882.7824401855469 | 3151.923501083334
29.000000000000004 | 950.8918609619141 | 3151.940164333334
29.000000000000004 | 950.8918609619141 | 3151.956827583334
32.599999999999994 | 950.8918609619141 | 3151.973490833334
32.599999999999994 | 950.8918609619141 | 3151.990154083334
32.599999999999994 | 950.8918609619141 | 3152.006817333334
32.599999999999994 | 950.8918609619141 | 3152.023480583334
--- ITERATION 3 ---
32.599999999999994 | 998.2981567382812 | 3152.0401438333342
32.599999999999994 | 1049.3919296264648 | 3152.056807083334
32.599999999999994 | 1051.0481796264648 | 3152.073470333334
32.599999999999994 | 1051.0013046264648 | 3152.090133583334
38.800000000000004 | 1051.0013046264648 | 3152.106796833334
38.800000000000004 | 1051.0013046264648 | 3152.123460083334
38.800000000000004 | 1051.0013046264648 | 3152.140123333334
38.800000000000004 | 1051.0013046264648 | 3152.156786583334
38.800000000000004 | 1051.0013046264648 | 3152.173449833334
38.800000000000004 | 1051.0013046264648 | 3152.190113083334
38.800000000000004 | 1051.0013046264648 | 3152.206776333334
37.5 | 1051.0013046264648 | 3152.223439583334
37.5 | 1051.0013046264648 | 3152.240102833334
37.5 | 1051.0013046264648 | 3152.2567660833342
37.5 | 1051.0013046264648 | 3152.273429333334
37.5 | 1051.0013046264648 | 3152.290092583334
37.5 | 1051.0013046264648 | 3152.306755833334
37.5 | 1051.0013046264648 | 3152.323419083334
37.5 | 1051.0013046264648 | 3152.340082333334
31.099999999999998 | 1051.0013046264648 | 3152.356745583334
31.099999999999998 | 1051.0013046264648 | 3152.373408833334
--- ITERATION 4 ---
31.099999999999998 | 1097.907600402832 | 3152.390072083334
31.099999999999998 | 1110.079475402832 | 3152.406735333334
31.099999999999998 | 1151.1263961791992 | 3152.423398583334
31.099999999999998 | 1151.1263961791992 | 3152.440061833334
31.099999999999998 | 1151.2045211791992 | 3152.456725083334
30.599999999999998 | 1151.2513961791992 | 3152.4733883333342
30.599999999999998 | 1151.2513961791992 | 3152.490051583334
30.599999999999998 | 1151.2513961791992 | 3152.506714833334
30.599999999999998 | 1151.2513961791992 | 3152.523378083334
30.599999999999998 | 1151.2513961791992 | 3152.540041333334
30.599999999999998 | 1151.2513961791992 | 3152.556704583334
30.599999999999998 | 1151.2513961791992 | 3152.573367833334
30.599999999999998 | 1151.2513961791992 | 3152.590031083334
28.900000000000006 | 1151.2513961791992 | 3152.606694333334
28.900000000000006 | 1151.2513961791992 | 3152.623357583334
28.900000000000006 | 1151.2513961791992 | 3152.640020833334
28.900000000000006 | 1151.2513961791992 | 3152.656684083334
--- ITERATION 5 ---
28.900000000000006 | 1197.7670440673828 | 3152.673347333334
28.900000000000006 | 1218.9233169555664 | 3152.6900105833342
28.900000000000006 | 1242.4076919555664 | 3152.706673833334
27.0 | 1245.3920669555664 | 3152.723337083334
27.0 | 1245.4233169555664 | 3152.740000333334
27.0 | 1251.31396484375 | 3152.756663583334
27.0 | 1251.31396484375 | 3152.7709305416674
27.0 | 1251.31396484375 | 3152.7875785000006
27.0 | 1251.31396484375 | 3152.804226458334
27.0 | 1251.31396484375 | 3152.8208744166673
27.0 | 1251.31396484375 | 3152.837522375001
28.2 | 1251.31396484375 | 3152.854170333334
28.2 | 1251.32958984375 | 3152.8708182916675
28.2 | 1251.32958984375 | 3152.8874662500007
28.2 | 1251.45458984375 | 3152.9041142083342
28.2 | 1251.45458984375 | 3152.920921833334
28.2 | 1251.45458984375 | 3152.9375842916675
28.2 | 1251.45458984375 | 3152.9542467500005
18.300000000000004 | 1251.45458984375 | 3152.970909208334
18.300000000000004 | 1251.45458984375 | 3152.9875716666675
18.300000000000004 | 1251.45458984375 | 3153.0042341250005
18.300000000000004 | 1251.45458984375 | 3153.020896583334
18.300000000000004 | 1251.32958984375 | 3153.0375590416675
18.300000000000004 | 1251.32958984375 | 3153.0542215000005
18.300000000000004 | 1251.32958984375 | 3153.070883958334
18.300000000000004 | 1251.32958984375 | 3153.0875464166675
15.5 | 1251.32958984375 | 3153.1042088750005
15.5 | 1251.32958984375 | 3153.120871333334
15.5 | 1251.32958984375 | 3153.1375337916675
15.5 | 1251.32958984375 | 3153.1541962500005
15.5 | 1251.32958984375 | 3153.170858708334
15.5 | 1251.32958984375 | 3153.1875211666675
15.5 | 1251.32958984375 | 3153.2041836250005
30.7 | 1251.32958984375 | 3153.220846083334
--- ITERATION 6 ---
30.7 | 1327.6265106201172 | 3153.2375085416675
30.7 | 1351.3921585083008 | 3153.2541710000005
30.7 | 1351.5015335083008 | 3153.270833458334
30.7 | 1351.5015335083008 | 3153.2874959166675
30.7 | 1351.3765335083008 | 3153.3041583750005
30.7 | 1351.3765335083008 | 3153.320820833334
30.7 | 1351.3765335083008 | 3153.3374832916675
31.000000000000004 | 1351.3765335083008 | 3153.3541457500005
31.000000000000004 | 1351.3765335083008 | 3153.370808208334
31.000000000000004 | 1351.3765335083008 | 3153.3874706666675
31.000000000000004 | 1351.3765335083008 | 3153.4041331250005
31.000000000000004 | 1351.3765335083008 | 3153.420795583334
31.000000000000004 | 1351.3765335083008 | 3153.4374580416675
31.000000000000004 | 1351.3765335083008 | 3153.4541205000005
33.00000000000001 | 1351.3765335083008 | 3153.470782958334
33.00000000000001 | 1351.3765335083008 | 3153.4874454166675
33.00000000000001 | 1351.3765335083008 | 3153.5041078750005
33.00000000000001 | 1351.3765335083008 | 3153.520770333334
33.00000000000001 | 1351.3765335083008 | 3153.5374327916675
33.00000000000001 | 1351.3921585083008 | 3153.5540952500005
33.00000000000001 | 1351.3921585083008 | 3153.570757708334
33.00000000000001 | 1351.3921585083008 | 3153.5874201666675
37.6 | 1351.3921585083008 | 3153.6040826250005
--- ITERATION 7 ---
37.6 | 1422.064079284668 | 3153.620745083334
37.6 | 1451.454704284668 | 3153.6374075416675
37.6 | 1451.454704284668 | 3153.6540700000005
37.6 | 1451.454704284668 | 3153.670732458334
37.6 | 1451.454704284668 | 3153.6873949166675
37.6 | 1451.454704284668 | 3153.7040573750005
37.6 | 1451.454704284668 | 3153.720719833334
41.5 | 1451.454704284668 | 3153.7373822916675
41.5 | 1451.454704284668 | 3153.7540447500005
41.5 | 1451.454704284668 | 3153.770707208334
41.5 | 1451.454704284668 | 3153.7873696666675
41.5 | 1451.454704284668 | 3153.8040321250005
41.5 | 1451.454704284668 | 3153.820694583334
41.5 | 1451.454704284668 | 3153.8373570416675
32.800000000000004 | 1451.454704284668 | 3153.8540195000005
32.800000000000004 | 1451.454704284668 | 3153.870681958334
32.800000000000004 | 1451.454704284668 | 3153.8873444166675
32.800000000000004 | 1451.454704284668 | 3153.9040068750005
32.800000000000004 | 1451.454704284668 | 3153.920669333334
32.800000000000004 | 1451.454704284668 | 3153.9373317916675
32.800000000000004 | 1451.454704284668 | 3153.9539942500005
32.800000000000004 | 1451.454704284668 | 3153.970656708334
36.099999999999994 | 1451.454704284668 | 3153.9873191666675
36.099999999999994 | 1451.454704284668 | 3154.0039816250005
36.099999999999994 | 1451.454704284668 | 3154.020644083334
36.099999999999994 | 1451.454704284668 | 3154.0373065416675
--- ITERATION 8 ---
36.099999999999994 | 1472.1266021728516 | 3154.0539690000005
36.099999999999994 | 1546.2985229492188 | 3154.070631458334
36.099999999999994 | 1551.6422729492188 | 3154.0872939166675
43.6 | 1551.5172729492188 | 3154.1039563750005
43.6 | 1551.5172729492188 | 3154.120618833334
43.6 | 1551.5172729492188 | 3154.1372812916675
43.6 | 1551.5172729492188 | 3154.1539437500005
43.6 | 1551.5172729492188 | 3154.170606208334
43.6 | 1551.5172729492188 | 3154.1872686666675
43.6 | 1551.5172729492188 | 3154.2039311250005
43.6 | 1551.5172729492188 | 3154.220593583334
41.99999999999999 | 1551.5172729492188 | 3154.2372560416675
41.99999999999999 | 1551.5172729492188 | 3154.2539185000005
41.99999999999999 | 1551.5172729492188 | 3154.270580958334
41.99999999999999 | 1551.5172729492188 | 3154.2872434166675
41.99999999999999 | 1551.5172729492188 | 3154.3039058750005
41.99999999999999 | 1551.5172729492188 | 3154.320568333334
41.99999999999999 | 1551.5172729492188 | 3154.3372307916675
31.8 | 1551.5172729492188 | 3154.3538932500005
31.8 | 1551.5172729492188 | 3154.370555708334
31.8 | 1551.5172729492188 | 3154.3872181666675
31.8 | 1551.5172729492188 | 3154.4038806250005
31.8 | 1551.5172729492188 | 3154.420543083334
31.8 | 1551.5172729492188 | 3154.4372055416675
31.8 | 1551.5172729492188 | 3154.4538680000005
31.8 | 1551.5172729492188 | 3154.470530458334
--- ITERATION 9 ---
24.500000000000004 | 1639.1579666137695 | 3154.4871929166675
24.500000000000004 | 1651.5798416137695 | 3154.5038553750005
24.500000000000004 | 1651.6110916137695 | 3154.520517833334
24.500000000000004 | 1651.6110916137695 | 3154.5371802916675
24.500000000000004 | 1651.6110916137695 | 3154.5538427500005
24.500000000000004 | 1651.6110916137695 | 3154.570505208334
24.500000000000004 | 1651.6110916137695 | 3154.5871676666675
43.9 | 1651.6110916137695 | 3154.6038301250005
43.9 | 1651.6110916137695 | 3154.620492583334
43.9 | 1651.6110916137695 | 3154.6371550416675
43.9 | 1651.6110916137695 | 3154.6538175000005
43.9 | 1651.6110916137695 | 3154.670479958334
43.9 | 1651.6110916137695 | 3154.6871424166675
43.9 | 1651.6110916137695 | 3154.7038048750005
43.9 | 1651.6110916137695 | 3154.720467333334
28.6 | 1651.6110916137695 | 3154.7371297916675
28.6 | 1651.6110916137695 | 3154.7537922500005
28.6 | 1651.6110916137695 | 3154.770454708334
28.6 | 1651.6110916137695 | 3154.7871171666675
28.6 | 1651.6110916137695 | 3154.8037796250005
28.6 | 1651.6110916137695 | 3154.820442083334
28.6 | 1651.6110916137695 | 3154.8371045416675
23.700000000000003 | 1651.6110916137695 | 3154.8537670000005
23.700000000000003 | 1651.6110916137695 | 3154.870429458334
23.700000000000003 | 1651.6110916137695 | 3154.8870919166675
23.700000000000003 | 1651.6110916137695 | 3154.9037543750005
23.700000000000003 | 1651.6110916137695 | 3154.920416833334
23.700000000000003 | 1651.6110916137695 | 3154.9370792916675
--- ITERATION 10 ---
23.700000000000003 | 1663.8767395019531 | 3154.9537417500005
25.3 | 250.59455108642578 | 3155.0591180416673
25.3 | 250.59455108642578 | 3155.0870414166675
29.0 | 250.59455108642578 | 3155.1037038750005
29.0 | 250.59455108642578 | 3155.120366333334
29.0 | 250.59455108642578 | 3155.1370287916675
29.0 | 250.59455108642578 | 3155.1536912500005
29.0 | 250.59455108642578 | 3155.170353708334
29.0 | 250.59455108642578 | 3155.1870161666675
29.0 | 250.59455108642578 | 3155.2036786250005
29.0 | 250.46955108642578 | 3155.220341083334
18.3 | 250.46955108642578 | 3155.2370035416675
18.3 | 250.46955108642578 | 3155.2536660000005
18.3 | 250.46955108642578 | 3155.270328458334
18.3 | 250.46955108642578 | 3155.2869909166675
18.3 | 250.46955108642578 | 3155.3036533750005
18.3 | 250.46955108642578 | 3155.320315833334
18.3 | 250.46955108642578 | 3155.3369782916675
11.200000000000001 | 250.46955108642578 | 3155.3536407500005
11.200000000000001 | 250.46955108642578 | 3155.370303208334
11.200000000000001 | 250.46955108642578 | 3155.3869656666675
11.200000000000001 | 250.46955108642578 | 3155.4036281250005
11.200000000000001 | 250.46955108642578 | 3155.420290583334
11.200000000000001 | 250.46955108642578 | 3155.4369530416675
11.200000000000001 | 250.46955108642578 | 3155.4536155000005
11.200000000000001 | 250.46955108642578 | 3155.470277958334
7.199999999999999 | 250.46955108642578 | 3155.4869404166675
7.199999999999999 | 250.46955108642578 | 3155.5036028750005
7.199999999999999 | 250.46955108642578 | 3155.520265333334
7.199999999999999 | 250.46955108642578 | 3155.5369277916675
7.199999999999999 | 250.46955108642578 | 3155.5535902500005
7.199999999999999 | 250.46955108642578 | 3155.570252708334
7.199999999999999 | 250.46955108642578 | 3155.5869151666675
4.4 | 250.46955108642578 | 3155.6035776250005
4.4 | 250.46955108642578 | 3155.620240083334
4.4 | 250.46955108642578 | 3155.6369025416675
4.4 | 250.46955108642578 | 3155.6535650000005
4.4 | 250.46955108642578 | 3155.670227458334
4.4 | 250.46955108642578 | 3155.6868899166675
4.4 | 250.46955108642578 | 3155.7035523750005
4.4 | 250.46955108642578 | 3155.720214833334
2.9000000000000004 | 250.46955108642578 | 3155.7368772916675
2.9000000000000004 | 250.46955108642578 | 3155.7535397500005
2.9000000000000004 | 250.46955108642578 | 3155.770202208334
2.9000000000000004 | 250.46955108642578 | 3155.7868646666675
2.9000000000000004 | 250.46955108642578 | 3155.8035271250005
2.9000000000000004 | 250.46955108642578 | 3155.820189583334
2.9000000000000004 | 250.46955108642578 | 3155.8368520416675
2.9000000000000004 | 250.46955108642578 | 3155.8535145000005
2.4000000000000004 | 250.46955108642578 | 3155.870176958334
2.4000000000000004 | 250.46955108642578 | 3155.8868394166675
2.4000000000000004 | 250.46955108642578 | 3155.9035018750005
2.4000000000000004 | 250.46955108642578 | 3155.920164333334
2.4000000000000004 | 250.46955108642578 | 3155.9368267916675
2.4000000000000004 | 250.46955108642578 | 3155.9534892500005
2.4000000000000004 | 250.46955108642578 | 3155.970151708334
2.4000000000000004 | 250.46955108642578 | 3155.9868141666675
3.3 | 250.46955108642578 | 3156.0034766250005
3.3 | 250.46955108642578 | 3156.020139083334
3.3 | 250.46955108642578 | 3156.0368015416675
3.3 | 250.46955108642578 | 3156.0534640000005
3.3 | 250.46955108642578 | 3156.070126458334
3.3 | 250.46955108642578 | 3156.0867889166675
3.3 | 250.46955108642578 | 3156.1034513750005
3.5 | 250.46955108642578 | 3156.120113833334
3.5 | 250.46955108642578 | 3156.1367762916675
3.5 | 250.46955108642578 | 3156.1534387500005
3.5 | 250.46955108642578 | 3156.170101208334
3.5 | 250.46955108642578 | 3156.1867636666675
3.5 | 250.46955108642578 | 3156.2034261250005
3.5 | 250.46955108642578 | 3156.220088583334
3.5 | 250.46955108642578 | 3156.2367510416675
3.9999999999999996 | 250.46955108642578 | 3156.2534135000005
3.9999999999999996 | 250.46955108642578 | 3156.270075958334
3.9999999999999996 | 250.46955108642578 | 3156.2867384166675
3.9999999999999996 | 250.46955108642578 | 3156.3034008750005
3.9999999999999996 | 250.46955108642578 | 3156.320063333334
3.9999999999999996 | 250.46955108642578 | 3156.3367257916675
3.9999999999999996 | 250.46955108642578 | 3156.3533882500005
3.8999999999999995 | 250.46955108642578 | 3156.370050708334
3.8999999999999995 | 250.46955108642578 | 3156.3867131666675
3.8999999999999995 | 250.46955108642578 | 3156.4033756250005
3.8999999999999995 | 250.46955108642578 | 3156.420038083334
3.8999999999999995 | 250.46955108642578 | 3156.4367005416675
3.8999999999999995 | 250.46955108642578 | 3156.4533630000005
3.8999999999999995 | 250.46955108642578 | 3156.470025458334
3.8999999999999995 | 250.46955108642578 | 3156.4866879166675
4.4 | 250.46955108642578 | 3156.5033503750005
4.4 | 250.46955108642578 | 3156.520012833334
4.4 | 250.46955108642578 | 3156.5366752916675
4.4 | 250.46955108642578 | 3156.5533377500005
4.4 | 250.46955108642578 | 3156.570000208334
4.4 | 250.46955108642578 | 3156.5866626666675
4.4 | 250.46955108642578 | 3156.6033251250005
4.2 | 250.46955108642578 | 3156.619987583334
4.2 | 250.46955108642578 | 3156.6366500416675
4.2 | 250.46955108642578 | 3156.6533125000005
4.2 | 250.46955108642578 | 3156.669974958334
4.2 | 250.46955108642578 | 3156.6866374166675
4.2 | 250.46955108642578 | 3156.7032998750005
4.2 | 250.46955108642578 | 3156.719962333334
4.2 | 250.46955108642578 | 3156.7366247916675
4.4 | 250.46955108642578 | 3156.7532872500005
4.4 | 250.46955108642578 | 3156.769949708334
4.4 | 250.46955108642578 | 3156.7866121666675
4.4 | 250.46955108642578 | 3156.8032746250005
4.4 | 250.46955108642578 | 3156.819937083334
4.4 | 250.46955108642578 | 3156.8365995416675
4.4 | 250.46955108642578 | 3156.8532620000005
4.3 | 250.46955108642578 | 3156.869924458334
4.3 | 250.46955108642578 | 3156.8865869166675
4.3 | 250.46955108642578 | 3156.9032493750005
4.3 | 250.46955108642578 | 3156.919911833334
4.3 | 250.46955108642578 | 3156.9365742916675
4.3 | 250.46955108642578 | 3156.9532367500005
4.3 | 250.46955108642578 | 3156.969899208334
4.3 | 250.46955108642578 | 3156.9865616666675
4.6 | 250.46955108642578 | 3157.0032241250005
4.6 | 250.46955108642578 | 3157.019886583334
4.6 | 250.46955108642578 | 3157.0365490416675
4.6 | 250.46955108642578 | 3157.0532115000005
4.6 | 250.46955108642578 | 3157.069873958334
4.6 | 250.46955108642578 | 3157.0865364166675
4.6 | 250.46955108642578 | 3157.1031988750005
4.3 | 250.46955108642578 | 3157.119861333334
4.3 | 250.46955108642578 | 3157.1365237916675
4.3 | 250.46955108642578 | 3157.1531862500005
4.3 | 250.46955108642578 | 3157.169848708334
4.3 | 250.46955108642578 | 3157.1865111666675
4.3 | 250.46955108642578 | 3157.2031736250005
4.3 | 250.46955108642578 | 3157.219836083334
4.3 | 250.46955108642578 | 3157.2364985416675
2.8 | 250.46955108642578 | 3157.2531610000005
2.8 | 250.46955108642578 | 3157.269823458334
2.8 | 250.46955108642578 | 3157.2864859166675
2.8 | 250.46955108642578 | 3157.3031483750005
2.8 | 250.46955108642578 | 3157.319810833334
2.8 | 250.46955108642578 | 3157.3364732916675
2.8 | 250.46955108642578 | 3157.3531357500005
12.7 | 250.46955108642578 | 3157.369798208334
12.7 | 250.46955108642578 | 3157.3864606666675
12.7 | 250.46955108642578 | 3157.4031231250005
12.7 | 250.46955108642578 | 3157.419785583334
12.7 | 250.46955108642578 | 3157.4364480416675
12.7 | 250.46955108642578 | 3157.4531105000005
12.7 | 250.46955108642578 | 3157.469772958334
12.7 | 250.46955108642578 | 3157.4864354166675
15.799999999999999 | 250.46955108642578 | 3157.5030978750005
--- ITERATION 11 ---
15.799999999999999 | 274.4070739746094 | 3157.519760333334
15.799999999999999 | 350.53211975097656 | 3157.5364227916675
15.799999999999999 | 350.53211975097656 | 3157.5530852500005
15.799999999999999 | 350.53211975097656 | 3157.569747708334
15.799999999999999 | 350.53211975097656 | 3157.5864101666675
15.799999999999999 | 350.65711975097656 | 3157.6030726250006
29.299999999999997 | 350.53211975097656 | 3157.619735083334
29.299999999999997 | 350.53211975097656 | 3157.6363975416675
29.299999999999997 | 350.53211975097656 | 3157.6530600000006
29.299999999999997 | 350.53211975097656 | 3157.669722458334
29.299999999999997 | 350.53211975097656 | 3157.6863849166675
29.299999999999997 | 350.53211975097656 | 3157.7030473750006
29.299999999999997 | 350.53211975097656 | 3157.719709833334
29.299999999999997 | 350.53211975097656 | 3157.7363722916675
24.8 | 350.53211975097656 | 3157.7530347500006
24.8 | 350.53211975097656 | 3157.769697208334
24.8 | 350.53211975097656 | 3157.7863596666675
24.8 | 350.53211975097656 | 3157.8030221250006
24.8 | 350.53211975097656 | 3157.819684583334
24.8 | 350.53211975097656 | 3157.8363470416675
24.8 | 350.53211975097656 | 3157.8530095000006
17.700000000000003 | 350.53211975097656 | 3157.869671958334
17.700000000000003 | 350.53211975097656 | 3157.8863344166675
17.700000000000003 | 350.53211975097656 | 3157.9029968750006
17.700000000000003 | 350.53211975097656 | 3157.919659333334
17.700000000000003 | 350.53211975097656 | 3157.9363217916675
--- ITERATION 12 ---
17.700000000000003 | 395.67276763916016 | 3157.9529842500006
17.700000000000003 | 450.59468841552734 | 3157.969646708334
17.700000000000003 | 450.59468841552734 | 3157.9863091666675
23.099999999999998 | 450.59468841552734 | 3158.0029716250006
23.099999999999998 | 450.59468841552734 | 3158.019634083334
23.099999999999998 | 450.59468841552734 | 3158.0362965416675
23.099999999999998 | 450.59468841552734 | 3158.0529590000006
23.099999999999998 | 450.59468841552734 | 3158.069621458334
23.099999999999998 | 450.70406341552734 | 3158.0862839166675
23.099999999999998 | 450.70406341552734 | 3158.1029463750006
19.5 | 450.57906341552734 | 3158.119608833334
19.5 | 450.57906341552734 | 3158.1362712916675
19.5 | 450.57906341552734 | 3158.1529337500006
19.5 | 450.57906341552734 | 3158.169596208334
19.5 | 450.57906341552734 | 3158.1862586666675
19.5 | 450.57906341552734 | 3158.2029211250006
19.5 | 450.57906341552734 | 3158.219583583334
19.5 | 450.57906341552734 | 3158.2362460416675
39.5 | 450.57906341552734 | 3158.2529085000006
39.5 | 450.57906341552734 | 3158.269570958334
39.5 | 450.57906341552734 | 3158.2862334166675
39.5 | 450.57906341552734 | 3158.3028958750006
39.5 | 450.57906341552734 | 3158.319558333334
39.5 | 450.57906341552734 | 3158.3362207916675
39.5 | 450.57906341552734 | 3158.3528832500006
30.400000000000002 | 450.57906341552734 | 3158.369545708334
30.400000000000002 | 450.57906341552734 | 3158.3862081666675
30.400000000000002 | 450.57906341552734 | 3158.4028706250006
--- ITERATION 13 ---
30.400000000000002 | 452.29781341552734 | 3158.419533083334
30.400000000000002 | 550.6572570800781 | 3158.4361955416675
30.400000000000002 | 550.6572570800781 | 3158.4528580000006
30.400000000000002 | 550.6572570800781 | 3158.469520458334
30.400000000000002 | 550.6572570800781 | 3158.4861829166675
40.60000000000001 | 550.6572570800781 | 3158.5028453750006
40.60000000000001 | 550.6572570800781 | 3158.519507833334
40.60000000000001 | 550.6572570800781 | 3158.5361702916675
40.60000000000001 | 550.6572570800781 | 3158.5528327500006
40.60000000000001 | 550.6572570800781 | 3158.569495208334
40.60000000000001 | 550.6572570800781 | 3158.5861576666675
40.60000000000001 | 550.6572570800781 | 3158.6028201250006
40.00000000000001 | 550.6572570800781 | 3158.619482583334
40.00000000000001 | 550.6572570800781 | 3158.6361450416675
40.00000000000001 | 550.6572570800781 | 3158.6528075000006
40.00000000000001 | 550.6572570800781 | 3158.669469958334
40.00000000000001 | 550.6572570800781 | 3158.6861324166675
--- ITERATION 14 ---
40.00000000000001 | 650.7042007446289 | 3158.7027948750006
40.00000000000001 | 650.7042007446289 | 3158.719457333334
40.00000000000001 | 650.7042007446289 | 3158.7361197916675
47.7 | 650.7042007446289 | 3158.7527822500006
47.7 | 650.7042007446289 | 3158.769444708334
47.7 | 650.7042007446289 | 3158.7861071666675
47.7 | 650.7042007446289 | 3158.8027696250006
47.7 | 650.7042007446289 | 3158.819432083334
47.7 | 650.7042007446289 | 3158.8360945416675
47.7 | 650.7042007446289 | 3158.8527570000006
44.599999999999994 | 650.7042007446289 | 3158.869419458334
44.599999999999994 | 650.7042007446289 | 3158.8860819166675
44.599999999999994 | 650.7042007446289 | 3158.9027443750006
44.599999999999994 | 650.7042007446289 | 3158.919406833334
44.599999999999994 | 650.7042007446289 | 3158.9360692916675
44.599999999999994 | 650.7042007446289 | 3158.9527317500006
44.599999999999994 | 650.7042007446289 | 3158.969394208334
44.599999999999994 | 650.7042007446289 | 3158.9860566666675
36.199999999999996 | 650.7042007446289 | 3159.0027191250006
36.199999999999996 | 650.7042007446289 | 3159.019381583334
36.199999999999996 | 650.7042007446289 | 3159.0360440416675
--- ITERATION 15 ---
36.199999999999996 | 650.7510757446289 | 3159.0527065000006
36.199999999999996 | 750.7824172973633 | 3159.069368958334
36.199999999999996 | 750.7824172973633 | 3159.0860314166675
36.199999999999996 | 750.7824172973633 | 3159.1026938750006
33.800000000000004 | 750.7824172973633 | 3159.119356333334
33.800000000000004 | 750.7824172973633 | 3159.1360187916675
33.800000000000004 | 750.7824172973633 | 3159.1526812500006
33.800000000000004 | 750.7824172973633 | 3159.169343708334
33.800000000000004 | 750.7824172973633 | 3159.1860061666675
33.800000000000004 | 750.7824172973633 | 3159.2026686250006
33.800000000000004 | 750.7824172973633 | 3159.219331083334
33.800000000000004 | 750.7824172973633 | 3159.2359935416675
35.4 | 750.7824172973633 | 3159.2526560000006
35.4 | 750.7824172973633 | 3159.269318458334
35.4 | 750.7824172973633 | 3159.2859809166675
35.4 | 750.7824172973633 | 3159.3026433750006
35.4 | 750.7824172973633 | 3159.319305833334
35.4 | 750.7824172973633 | 3159.3359682916675
35.4 | 750.7824172973633 | 3159.3526307500006
38.2 | 750.7824172973633 | 3159.369293208334
38.2 | 750.7824172973633 | 3159.3859556666675
38.2 | 750.7824172973633 | 3159.4026181250006
38.2 | 750.7824172973633 | 3159.419280583334
38.2 | 750.7824172973633 | 3159.4359430416675
38.2 | 750.7824172973633 | 3159.4526055000006
38.2 | 750.7824172973633 | 3159.469267958334
38.2 | 750.7824172973633 | 3159.4859304166675
24.2 | 750.7824172973633 | 3159.5025928750006
24.2 | 750.7824172973633 | 3159.519255333334
24.2 | 750.7824172973633 | 3159.5359177916675
24.2 | 750.7824172973633 | 3159.5525802500006
24.2 | 750.7824172973633 | 3159.569242708334
24.2 | 750.7824172973633 | 3159.5859051666675
24.2 | 750.7824172973633 | 3159.6025676250006
15.399999999999999 | 750.7824172973633 | 3159.619230083334
15.399999999999999 | 750.7824172973633 | 3159.6358925416675
15.399999999999999 | 750.7824172973633 | 3159.6525550000006
15.399999999999999 | 750.7824172973633 | 3159.669217458334
15.399999999999999 | 750.7824172973633 | 3159.6858799166675
15.399999999999999 | 750.7824172973633 | 3159.7025423750006
15.399999999999999 | 750.7824172973633 | 3159.719204833334
15.399999999999999 | 750.7824172973633 | 3159.7358672916675
9.9 | 750.7824172973633 | 3159.7525297500006
9.9 | 750.7824172973633 | 3159.769192208334
9.9 | 750.7824172973633 | 3159.7858546666675
9.9 | 750.7824172973633 | 3159.8025171250006
9.9 | 750.7824172973633 | 3159.819179583334
9.9 | 750.7824172973633 | 3159.8358420416675
9.9 | 750.7824172973633 | 3159.8525045000006
7.499999999999999 | 750.7824172973633 | 3159.869166958334
7.499999999999999 | 750.7824172973633 | 3159.8858294166675
7.499999999999999 | 750.7824172973633 | 3159.9024918750006
7.499999999999999 | 750.7824172973633 | 3159.919154333334
7.499999999999999 | 750.7824172973633 | 3159.9358167916675
7.499999999999999 | 750.7824172973633 | 3159.9524792500006
7.499999999999999 | 750.7824172973633 | 3159.969141708334
7.499999999999999 | 750.7824172973633 | 3159.9858041666675
5.8 | 750.7824172973633 | 3160.0024666250006
5.8 | 750.7824172973633 | 3160.019129083334
5.8 | 750.7824172973633 | 3160.0357915416675
5.8 | 750.7824172973633 | 3160.0524540000006
5.8 | 750.7824172973633 | 3160.069116458334
5.8 | 750.7824172973633 | 3160.0857789166676
5.8 | 750.7824172973633 | 3160.1024413750006
5.8 | 750.7824172973633 | 3160.119103833334
4.7 | 750.7824172973633 | 3160.1357662916676
4.7 | 750.7824172973633 | 3160.1524287500006
4.7 | 750.7824172973633 | 3160.169091208334
4.7 | 750.7824172973633 | 3160.1857536666676
4.7 | 750.7824172973633 | 3160.2024161250006
4.7 | 750.7824172973633 | 3160.219078583334
4.7 | 750.7824172973633 | 3160.2357410416676
3.6 | 750.7824172973633 | 3160.2524035000006
3.6 | 750.7824172973633 | 3160.269065958334
3.6 | 750.7824172973633 | 3160.2857284166676
3.6 | 750.7824172973633 | 3160.3023908750006
3.6 | 750.7824172973633 | 3160.319053333334
3.6 | 750.7824172973633 | 3160.3357157916676
3.6 | 750.7824172973633 | 3160.3523782500006
3.6 | 750.7824172973633 | 3160.369040708334
7.2 | 750.7824172973633 | 3160.3857031666676
7.2 | 750.7824172973633 | 3160.4023656250006
7.2 | 750.7824172973633 | 3160.419028083334
7.2 | 750.7824172973633 | 3160.4356905416676
7.2 | 750.7824172973633 | 3160.4523530000006
7.2 | 750.7824172973633 | 3160.469015458334
7.2 | 750.7824172973633 | 3160.4856779166676
12.700000000000001 | 750.7824172973633 | 3160.5023403750006
--- ITERATION 16 ---
12.700000000000001 | 850.8449859619141 | 3160.519002833334
12.700000000000001 | 850.8449859619141 | 3160.5356652916676
12.700000000000001 | 850.8449859619141 | 3160.5523277500006
12.700000000000001 | 850.8449859619141 | 3160.568990208334
12.700000000000001 | 850.8449859619141 | 3160.5856526666676
12.700000000000001 | 850.8449859619141 | 3160.6023151250006
12.700000000000001 | 850.8449859619141 | 3160.618977583334
18.7 | 850.8449859619141 | 3160.6356400416676
18.7 | 850.8449859619141 | 3160.6523025000006
18.7 | 850.8449859619141 | 3160.668964958334
18.7 | 850.8449859619141 | 3160.6856274166676
18.7 | 850.8449859619141 | 3160.7022898750006
18.7 | 850.8449859619141 | 3160.718952333334
18.7 | 850.8449859619141 | 3160.7356147916676
11.700000000000001 | 850.8449859619141 | 3160.7522772500006
11.700000000000001 | 850.8449859619141 | 3160.768939708334
11.700000000000001 | 850.8449859619141 | 3160.7856021666676
11.700000000000001 | 850.8449859619141 | 3160.8022646250006
11.700000000000001 | 850.8449859619141 | 3160.818927083334
11.700000000000001 | 850.8449859619141 | 3160.8355895416676
11.700000000000001 | 850.8449859619141 | 3160.8522520000006
11.700000000000001 | 850.8449859619141 | 3160.868914458334
8.2 | 850.8449859619141 | 3160.8855769166676
8.2 | 850.8449859619141 | 3160.9022393750006
8.2 | 850.8449859619141 | 3160.918901833334
8.2 | 850.8449859619141 | 3160.9355642916676
8.2 | 850.8449859619141 | 3160.9522267500006
8.2 | 850.8449859619141 | 3160.968889208334
8.2 | 850.8449859619141 | 3160.9855516666676
5.8999999999999995 | 850.8449859619141 | 3161.0022141250006
5.8999999999999995 | 850.8449859619141 | 3161.018876583334
5.8999999999999995 | 850.8449859619141 | 3161.0355390416676
5.8999999999999995 | 850.8449859619141 | 3161.0522015000006
5.8999999999999995 | 850.8449859619141 | 3161.068863958334
5.8999999999999995 | 850.8449859619141 | 3161.0855264166676
5.8999999999999995 | 850.8449859619141 | 3161.1021888750006
5.8999999999999995 | 850.8449859619141 | 3161.118851333334
4.4 | 850.8449859619141 | 3161.1355137916676
4.4 | 850.8449859619141 | 3161.1521762500006
4.4 | 850.8449859619141 | 3161.168838708334
4.4 | 850.8449859619141 | 3161.1855011666676
4.4 | 850.8449859619141 | 3161.2021636250006
4.4 | 850.8449859619141 | 3161.218826083334
4.4 | 850.8449859619141 | 3161.2354885416676
5.1 | 850.8449859619141 | 3161.2521510000006
5.1 | 850.8449859619141 | 3161.268813458334
5.1 | 850.8449859619141 | 3161.2854759166676
5.1 | 850.8449859619141 | 3161.3021383750006
5.1 | 850.8449859619141 | 3161.318800833334
5.1 | 850.8449859619141 | 3161.3354632916676
5.1 | 850.8449859619141 | 3161.3521257500006
5.1 | 850.8449859619141 | 3161.368788208334
5.0 | 850.8449859619141 | 3161.3854506666676
5.0 | 850.8449859619141 | 3161.4021131250006
5.0 | 850.8449859619141 | 3161.418775583334
5.0 | 850.8449859619141 | 3161.4354380416676
5.0 | 850.8449859619141 | 3161.4521005000006
5.0 | 850.8449859619141 | 3161.468762958334
5.0 | 850.8449859619141 | 3161.4854254166676
5.0 | 850.8449859619141 | 3161.5020878750006
5.0 | 850.8449859619141 | 3161.518750333334
5.0 | 850.8449859619141 | 3161.5354127916676
5.0 | 850.8449859619141 | 3161.5520752500006
5.0 | 850.8449859619141 | 3161.568737708334
5.0 | 850.8449859619141 | 3161.5854001666676
5.0 | 850.8449859619141 | 3161.6020626250006
5.0 | 850.8449859619141 | 3161.618725083334
4.8999999999999995 | 850.8449859619141 | 3161.6353875416676
4.8999999999999995 | 850.8449859619141 | 3161.6520500000006
4.8999999999999995 | 850.8449859619141 | 3161.668712458334
4.8999999999999995 | 850.8449859619141 | 3161.6853749166676
4.8999999999999995 | 850.8449859619141 | 3161.7020373750006
4.8999999999999995 | 850.8449859619141 | 3161.718699833334
4.8999999999999995 | 850.8449859619141 | 3161.7353622916676
4.8999999999999995 | 850.8449859619141 | 3161.7520247500006
5.1 | 850.8449859619141 | 3161.768687208334
5.1 | 850.8449859619141 | 3161.7853496666676
5.1 | 850.8449859619141 | 3161.8020121250006
5.1 | 850.8449859619141 | 3161.818674583334
5.1 | 850.8449859619141 | 3161.8353370416676
5.1 | 850.8449859619141 | 3161.8519995000006
5.1 | 850.8449859619141 | 3161.868661958334
9.7 | 850.8449859619141 | 3161.8853244166676
9.7 | 850.8449859619141 | 3161.9019868750006
9.7 | 850.8449859619141 | 3161.918649333334
9.7 | 850.8449859619141 | 3161.9353117916676
9.7 | 850.8449859619141 | 3161.9519742500006
9.7 | 850.8449859619141 | 3161.968636708334
9.7 | 850.8449859619141 | 3161.9852991666676
9.7 | 850.8449859619141 | 3162.0019616250006
6.1000000000000005 | 850.8449859619141 | 3162.018624083334
6.1000000000000005 | 850.8449859619141 | 3162.0352865416676
6.1000000000000005 | 850.8449859619141 | 3162.0519490000006
6.1000000000000005 | 850.8449859619141 | 3162.068611458334
6.1000000000000005 | 850.8449859619141 | 3162.0852739166676
6.1000000000000005 | 850.8449859619141 | 3162.1019363750006
6.1000000000000005 | 850.8449859619141 | 3162.118598833334
3.9999999999999996 | 850.8449859619141 | 3162.1352612916676
3.9999999999999996 | 850.8449859619141 | 3162.1519237500006
3.9999999999999996 | 850.8449859619141 | 3162.168586208334
3.9999999999999996 | 850.8449859619141 | 3162.1852486666676
3.9999999999999996 | 850.8449859619141 | 3162.2019111250006
3.9999999999999996 | 850.8449859619141 | 3162.218573583334
3.9999999999999996 | 850.8449859619141 | 3162.2352360416676
3.9999999999999996 | 850.8449859619141 | 3162.2518985000006
3.7 | 850.8449859619141 | 3162.268560958334
3.7 | 850.8449859619141 | 3162.2852234166676
3.7 | 850.8449859619141 | 3162.3018858750006
3.7 | 850.8449859619141 | 3162.318548333334
3.7 | 850.8449859619141 | 3162.3352107916676
3.7 | 850.8449859619141 | 3162.3518732500006
3.7 | 850.8449859619141 | 3162.368535708334
10.8 | 850.8449859619141 | 3162.3851981666676
10.8 | 850.8449859619141 | 3162.4018606250006
10.8 | 850.8449859619141 | 3162.418523083334
10.8 | 850.8449859619141 | 3162.4351855416676
10.8 | 850.8449859619141 | 3162.4518480000006
10.8 | 850.8449859619141 | 3162.468510458334
10.8 | 850.8449859619141 | 3162.4851729166676
10.8 | 850.8449859619141 | 3162.5018353750006
11.9 | 850.8449859619141 | 3162.518497833334
11.9 | 850.8449859619141 | 3162.5351602916676
11.9 | 850.8449859619141 | 3162.5518227500006
11.9 | 850.8449859619141 | 3162.568485208334
11.9 | 850.8449859619141 | 3162.5851476666676
11.9 | 850.8449859619141 | 3162.6018101250006
11.9 | 850.8449859619141 | 3162.618472583334
10.8 | 850.8449859619141 | 3162.6351350416676
10.8 | 850.8449859619141 | 3162.6517975000006
10.8 | 850.8449859619141 | 3162.668459958334
10.8 | 850.8449859619141 | 3162.6851224166676
10.8 | 850.8449859619141 | 3162.7017848750006
10.8 | 850.8449859619141 | 3162.718447333334
--- ITERATION 17 ---
10.8 | 950.8762817382812 | 3162.7351097916676
10.8 | 950.8762817382812 | 3162.7517722500006
17.2 | 950.8762817382812 | 3162.768434708334
17.2 | 950.8762817382812 | 3162.7850971666676
17.2 | 950.8762817382812 | 3162.8017596250006
17.2 | 950.8762817382812 | 3162.818422083334
17.2 | 950.8762817382812 | 3162.8350845416676
17.2 | 950.8762817382812 | 3162.8517470000006
17.2 | 950.8762817382812 | 3162.868409458334
13.600000000000001 | 950.8762817382812 | 3162.8850719166676
13.600000000000001 | 950.8762817382812 | 3162.9017343750006
13.600000000000001 | 950.8762817382812 | 3162.918396833334
13.600000000000001 | 950.8762817382812 | 3162.9350592916676
13.600000000000001 | 950.8762817382812 | 3162.9517217500006
13.600000000000001 | 950.8762817382812 | 3162.968384208334
13.600000000000001 | 950.8762817382812 | 3162.9850466666676
13.600000000000001 | 950.8762817382812 | 3163.0017091250006
11.199999999999998 | 950.8762817382812 | 3163.018371583334
11.199999999999998 | 950.8762817382812 | 3163.0350340416676
11.199999999999998 | 950.8762817382812 | 3163.0516965000006
11.199999999999998 | 950.8762817382812 | 3163.068358958334
11.199999999999998 | 950.8762817382812 | 3163.0850214166676
11.199999999999998 | 950.8762817382812 | 3163.1016838750006
11.199999999999998 | 950.8762817382812 | 3163.118346333334
35.400000000000006 | 950.8762817382812 | 3163.1350087916676
35.400000000000006 | 950.8762817382812 | 3163.1516712500006
35.400000000000006 | 950.8762817382812 | 3163.168333708334
35.400000000000006 | 950.8762817382812 | 3163.1849961666676
35.400000000000006 | 950.8762817382812 | 3163.2016586250006
35.400000000000006 | 950.8762817382812 | 3163.218321083334
35.400000000000006 | 950.8762817382812 | 3163.234983541667
35.400000000000006 | 950.8762817382812 | 3163.2516460000006
29.5 | 950.8762817382812 | 3163.268308458334
29.5 | 950.8762817382812 | 3163.284970916667
29.5 | 950.8762817382812 | 3163.3016333750006
29.5 | 950.8762817382812 | 3163.318295833334
29.5 | 950.8762817382812 | 3163.334958291667
29.5 | 950.8762817382812 | 3163.3516207500006
29.5 | 950.8762817382812 | 3163.368283208334
24.0 | 950.8762817382812 | 3163.384945666667
24.0 | 950.8762817382812 | 3163.4016081250006
24.0 | 950.8762817382812 | 3163.418270583334
24.0 | 950.8762817382812 | 3163.434933041667
24.0 | 950.8762817382812 | 3163.4515955000006
24.0 | 950.8762817382812 | 3163.468257958334
24.0 | 950.8762817382812 | 3163.484920416667
--- ITERATION 18 ---
24.0 | 968.9700546264648 | 3163.5015828750006
22.9 | 1050.938850402832 | 3163.518245333334
22.9 | 1050.907600402832 | 3163.534907791667
22.9 | 1050.907600402832 | 3163.5515702500006
22.9 | 1050.907600402832 | 3163.568232708334
22.9 | 1050.907600402832 | 3163.584895166667
22.9 | 1050.907600402832 | 3163.6015576250006
22.9 | 1050.907600402832 | 3163.618220083334
32.4 | 1050.907600402832 | 3163.634882541667
32.4 | 1050.907600402832 | 3163.6515450000006
32.4 | 1050.907600402832 | 3163.668207458334
32.4 | 1050.907600402832 | 3163.684869916667
32.4 | 1050.907600402832 | 3163.7015323750006
32.4 | 1050.907600402832 | 3163.718194833334
32.4 | 1050.907600402832 | 3163.734857291667
32.4 | 1050.907600402832 | 3163.7515197500006
26.6 | 1050.907600402832 | 3163.768182208334
26.6 | 1050.907600402832 | 3163.784844666667
26.6 | 1050.907600402832 | 3163.8015071250006
26.6 | 1050.907600402832 | 3163.818169583334
26.6 | 1050.907600402832 | 3163.834832041667
26.6 | 1050.907600402832 | 3163.8514945000006
26.6 | 1050.907600402832 | 3163.868156958334
25.0 | 1050.907600402832 | 3163.884819416667
25.0 | 1050.907600402832 | 3163.9014818750006
25.0 | 1050.907600402832 | 3163.918144333334
25.0 | 1050.907600402832 | 3163.934806791667
25.0 | 1050.907600402832 | 3163.9514692500006
25.0 | 1050.907600402832 | 3163.968131708334
25.0 | 1050.907600402832 | 3163.984794166667
25.0 | 1050.907600402832 | 3164.0014566250006
19.5 | 1050.907600402832 | 3164.018119083334
19.5 | 1050.907600402832 | 3164.034781541667
19.5 | 1050.907600402832 | 3164.0514440000006
19.5 | 1050.907600402832 | 3164.068106458334
19.5 | 1050.907600402832 | 3164.084768916667
19.5 | 1050.907600402832 | 3164.1014313750006
19.5 | 1050.907600402832 | 3164.118093833334
15.8 | 1050.907600402832 | 3164.134756291667
15.8 | 1050.907600402832 | 3164.1514187500006
15.8 | 1050.907600402832 | 3164.168081208334
15.8 | 1050.907600402832 | 3164.184743666667
15.8 | 1050.907600402832 | 3164.2014061250006
15.8 | 1050.907600402832 | 3164.218068583334
15.8 | 1050.907600402832 | 3164.234731041667
15.8 | 1050.907600402832 | 3164.2513935000006
--- ITERATION 19 ---
18.9 | 1144.3764190673828 | 3164.268055958334
18.9 | 1150.9857940673828 | 3164.284718416667
18.9 | 1150.9857940673828 | 3164.3013808750006
18.9 | 1150.9857940673828 | 3164.318043333334
18.9 | 1150.9857940673828 | 3164.334705791667
18.9 | 1150.9857940673828 | 3164.3513682500006
18.9 | 1150.9857940673828 | 3164.368030708334
33.89999999999999 | 1150.9857940673828 | 3164.384693166667
33.89999999999999 | 1150.9857940673828 | 3164.4013556250006
33.89999999999999 | 1150.9857940673828 | 3164.418018083334
33.89999999999999 | 1150.9857940673828 | 3164.434680541667
33.89999999999999 | 1150.9857940673828 | 3164.4513430000006
33.89999999999999 | 1150.9857940673828 | 3164.468005458334
33.89999999999999 | 1150.9857940673828 | 3164.484667916667
33.89999999999999 | 1150.9857940673828 | 3164.5013303750006
27.300000000000004 | 1150.9857940673828 | 3164.517992833334
27.300000000000004 | 1150.9857940673828 | 3164.534655291667
27.300000000000004 | 1150.9857940673828 | 3164.5513177500006
27.300000000000004 | 1150.9857940673828 | 3164.567980208334
27.300000000000004 | 1150.9857940673828 | 3164.584642666667
27.300000000000004 | 1150.9857940673828 | 3164.6013051250006
27.300000000000004 | 1150.9857940673828 | 3164.617967583334
27.300000000000004 | 1150.9857940673828 | 3164.634630041667
17.3 | 1150.9857940673828 | 3164.6512925000006
17.3 | 1150.9857940673828 | 3164.667954958334
17.3 | 1150.9857940673828 | 3164.684617416667
17.3 | 1150.9857940673828 | 3164.7012798750006
17.3 | 1150.9857940673828 | 3164.717942333334
17.3 | 1150.9857940673828 | 3164.734604791667
17.3 | 1150.9857940673828 | 3164.7512672500006
11.4 | 1150.9857940673828 | 3164.767929708334
11.4 | 1150.9857940673828 | 3164.784592166667
11.4 | 1150.9857940673828 | 3164.8012546250006
11.4 | 1150.9857940673828 | 3164.817917083334
11.4 | 1150.9857940673828 | 3164.834579541667
11.4 | 1150.9857940673828 | 3164.8512420000006
11.4 | 1150.9857940673828 | 3164.867904458334
11.4 | 1150.9857940673828 | 3164.884566916667
8.2 | 1150.9857940673828 | 3164.9012293750006
8.2 | 1150.9857940673828 | 3164.917891833334
8.2 | 1150.9857940673828 | 3164.934554291667
8.2 | 1150.9857940673828 | 3164.9512167500006
8.2 | 1150.9857940673828 | 3164.967879208334
8.2 | 1150.9857940673828 | 3164.984541666667
8.2 | 1150.9857940673828 | 3165.0012041250006
7.6 | 1150.9857940673828 | 3165.017866583334
7.6 | 950.6731338500977 | 3165.034529041667
7.6 | 650.5323028564453 | 3165.0511915000006
7.6 | 250.3445281982422 | 3165.067853958334
7.6 | 250.3445281982422 | 3165.084516416667
7.6 | 250.3445281982422 | 3165.1011788750006
7.6 | 250.3445281982422 | 3165.117841333334
7.6 | 250.3445281982422 | 3165.134503791667
36.800000000000004 | 250.3445281982422 | 3165.1511662500006
36.800000000000004 | 250.3445281982422 | 3165.167828708334
36.800000000000004 | 250.3445281982422 | 3165.184491166667