
--- NEW ITERATION ---

CPU | FPS | Dropped |Memory (MB) | Timestamp
---
21.8 | 1 | 0 | 56.96936798095703 | 929806.9596159168
21.8 | 2 | 0 | 57.03186798095703 | 929806.9764485835
21.8 | 3 | 0 | 57.04749298095703 | 929806.9931411252
21.8 | 4 | 0 | 57.15686798095703 | 929807.0098336668
21.8 | 5 | 0 | 57.20374298095703 | 929807.0265262085
21.8 | 6 | 0 | 57.23499298095703 | 929807.0432187502
21.8 | 7 | 0 | 57.26624298095703 | 929807.0599112918
30.5 | 8 | 0 | 57.29749298095703 | 929807.0766038336
30.5 | 9 | 0 | 57.32874298095703 | 929807.0932963752
30.5 | 10 | 0 | 57.37561798095703 | 929807.1099889169
30.5 | 11 | 0 | 57.40686798095703 | 929807.1266814586
30.5 | 12 | 0 | 57.45374298095703 | 929807.1433740002
30.5 | 13 | 0 | 57.46936798095703 | 929807.1600665419
30.5 | 14 | 0 | 57.48499298095703 | 929807.1767590835
30.5 | 15 | 0 | 57.53186798095703 | 929807.1934516252
31.700000000000003 | 16 | 0 | 57.54749298095703 | 929807.2101441668
31.700000000000003 | 17 | 0 | 57.54749298095703 | 929807.2268367085
31.700000000000003 | 18 | 0 | 57.54749298095703 | 929807.2435292501
31.700000000000003 | 19 | 0 | 57.54749298095703 | 929807.2602217919
31.700000000000003 | 20 | 0 | 57.54749298095703 | 929807.2769143336
31.700000000000003 | 21 | 0 | 57.54749298095703 | 929807.2936068752
31.700000000000003 | 22 | 0 | 57.54749298095703 | 929807.3102994169
31.700000000000003 | 23 | 0 | 57.54749298095703 | 929807.3269919585
23.2 | 24 | 0 | 57.54749298095703 | 929807.3436845002
23.2 | 25 | 0 | 57.54749298095703 | 929807.3603770419
23.2 | 26 | 0 | 57.54749298095703 | 929807.3770695835
23.2 | 27 | 0 | 57.54749298095703 | 929807.3937621252
23.2 | 28 | 0 | 57.54749298095703 | 929807.4104546668
23.2 | 29 | 0 | 57.54749298095703 | 929807.4271472085
23.2 | 30 | 0 | 57.54749298095703 | 929807.4438397503
15.3 | 31 | 0 | 57.54749298095703 | 929807.4605322919
15.3 | 32 | 0 | 57.54749298095703 | 929807.4772248336
15.3 | 33 | 0 | 57.54749298095703 | 929807.4939173752
15.3 | 34 | 0 | 57.54749298095703 | 929807.5106099169
15.3 | 35 | 0 | 57.54749298095703 | 929807.5273024585
15.3 | 36 | 0 | 57.54749298095703 | 929807.5439950002
15.3 | 37 | 0 | 57.54749298095703 | 929807.5606875418
15.3 | 38 | 0 | 57.54749298095703 | 929807.5773800835
10.799999999999999 | 39 | 0 | 57.54749298095703 | 929807.5940726252
10.799999999999999 | 40 | 0 | 57.54749298095703 | 929807.6107651668
10.799999999999999 | 41 | 0 | 57.54749298095703 | 929807.6274577086
10.799999999999999 | 42 | 0 | 57.54749298095703 | 929807.6441502502
10.799999999999999 | 43 | 0 | 57.54749298095703 | 929807.6608427919
10.799999999999999 | 44 | 0 | 57.54749298095703 | 929807.6775353336
9.899999999999999 | 45 | 0 | 57.46936798095703 | 929807.6942278752
9.899999999999999 | 46 | 0 | 57.46936798095703 | 929807.7109204169
7.199999999999999 | 47 | 0 | 57.46936798095703 | 929807.7276129585
7.199999999999999 | 48 | 0 | 57.46936798095703 | 929807.7443055002
7.199999999999999 | 49 | 0 | 57.46936798095703 | 929807.7609980418
7.199999999999999 | 50 | 0 | 57.46936798095703 | 929807.7776905835
7.199999999999999 | 51 | 0 | 57.46936798095703 | 929807.7943831251
7.199999999999999 | 52 | 0 | 57.46936798095703 | 929807.8110756669
7.199999999999999 | 53 | 0 | 57.46936798095703 | 929807.8277682086
5.1000000000000005 | 54 | 0 | 57.46936798095703 | 929807.8444607502
5.1000000000000005 | 55 | 0 | 57.37561798095703 | 929807.8611532919
5.1000000000000005 | 56 | 0 | 57.37561798095703 | 929807.8778458335
5.1000000000000005 | 57 | 0 | 57.37561798095703 | 929807.8945383752
5.1000000000000005 | 58 | 0 | 57.37561798095703 | 929807.9112309169
5.1000000000000005 | 59 | 0 | 57.37561798095703 | 929807.9279234585
5.1000000000000005 | 60 | 0 | 57.37561798095703 | 929807.9446160002
5.1000000000000005 | 60 | 0 | 57.37561798095703 | 929807.9613085418
4.5 | 60 | 0 | 57.31311798095703 | 929807.9780010835
4.5 | 60 | 0 | 57.31311798095703 | 929807.9946936253
4.5 | 60 | 0 | 57.31311798095703 | 929808.0113861669
4.5 | 60 | 0 | 57.31311798095703 | 929808.0280787086
4.5 | 60 | 0 | 57.31311798095703 | 929808.0447712502
4.5 | 60 | 0 | 57.21936798095703 | 929808.0614637919
4.5 | 60 | 0 | 57.21936798095703 | 929808.0781563335
3.8000000000000003 | 60 | 0 | 57.21936798095703 | 929808.0948488752
3.8000000000000003 | 60 | 0 | 57.21936798095703 | 929808.1115414168
3.8000000000000003 | 60 | 0 | 57.21936798095703 | 929808.1282339585
3.8000000000000003 | 60 | 0 | 57.21936798095703 | 929808.1449265002
3.8000000000000003 | 60 | 0 | 57.21936798095703 | 929808.1616190418
3.8000000000000003 | 60 | 0 | 57.21936798095703 | 929808.1783115836
3.8000000000000003 | 60 | 0 | 57.21936798095703 | 929808.1950041252
3.8000000000000003 | 60 | 0 | 57.21936798095703 | 929808.2116966669
3.3000000000000003 | 60 | 0 | 57.21936798095703 | 929808.2283892086
3.3000000000000003 | 60 | 0 | 57.21936798095703 | 929808.2450817502
3.3000000000000003 | 60 | 0 | 57.21936798095703 | 929808.2617742919
3.3000000000000003 | 60 | 0 | 57.21936798095703 | 929808.2784668335
2.9000000000000004 | 60 | 0 | 57.17249298095703 | 929808.2951593752
2.9000000000000004 | 60 | 0 | 57.17249298095703 | 929808.3118519168
2.9000000000000004 | 60 | 0 | 57.17249298095703 | 929808.3285444585
2.9000000000000004 | 60 | 0 | 57.17249298095703 | 929808.3452370001
2.7 | 60 | 0 | 57.17249298095703 | 929808.3619295419
2.7 | 60 | 0 | 57.17249298095703 | 929808.3786220836
2.7 | 60 | 0 | 57.17249298095703 | 929808.3953146252
2.7 | 60 | 0 | 57.17249298095703 | 929808.4120071669
2.7 | 60 | 0 | 57.17249298095703 | 929808.4286997085
2.7 | 60 | 0 | 57.17249298095703 | 929808.4453922502
2.7 | 60 | 0 | 57.17249298095703 | 929808.4620847919
2.4 | 60 | 0 | 57.17249298095703 | 929808.4787773335
2.4 | 60 | 0 | 57.17249298095703 | 929808.4954698752
2.4 | 60 | 0 | 57.17249298095703 | 929808.5121624168
2.4 | 60 | 0 | 57.17249298095703 | 929808.5288549585
2.4 | 60 | 0 | 57.17249298095703 | 929808.5455475003
2.4 | 60 | 0 | 57.17249298095703 | 929808.5622400419
2.4 | 60 | 0 | 57.17249298095703 | 929808.5789325836
2.4 | 60 | 0 | 57.17249298095703 | 929808.5956251252
2.6999999999999997 | 60 | 0 | 57.17249298095703 | 929808.6123176669
2.6999999999999997 | 60 | 0 | 57.17249298095703 | 929808.6290102085
2.6999999999999997 | 60 | 0 | 57.17249298095703 | 929808.6457027502
2.6999999999999997 | 60 | 0 | 57.17249298095703 | 929808.6623952918
2.6999999999999997 | 60 | 0 | 57.17249298095703 | 929808.6790878335
2.6999999999999997 | 60 | 0 | 57.17249298095703 | 929808.6957803752
2.6999999999999997 | 60 | 0 | 57.17249298095703 | 929808.7124729168
2.6999999999999997 | 60 | 0 | 57.17249298095703 | 929808.7291654586
2.9 | 60 | 0 | 57.17249298095703 | 929808.7458580002
2.9 | 60 | 0 | 57.17249298095703 | 929808.7625505419
2.9 | 60 | 0 | 57.17249298095703 | 929808.7792430836
2.9 | 60 | 0 | 57.17249298095703 | 929808.7959356252
2.9 | 60 | 0 | 57.17249298095703 | 929808.8126281669
2.9 | 60 | 0 | 57.17249298095703 | 929808.8293207085
2.9 | 60 | 0 | 57.17249298095703 | 929808.8460132502
2.9 | 60 | 0 | 57.17249298095703 | 929808.8627057918
2.6 | 60 | 0 | 57.17249298095703 | 929808.8793983335
2.6 | 60 | 0 | 57.10999298095703 | 929808.8960908751
2.6 | 60 | 0 | 57.10999298095703 | 929808.9127834169
2.6 | 60 | 0 | 57.10999298095703 | 929808.9294759586
2.6 | 60 | 0 | 57.10999298095703 | 929808.9461685002
2.6 | 60 | 0 | 57.10999298095703 | 929808.9628610419
2.6 | 60 | 0 | 57.10999298095703 | 929808.9795535835
2.6999999999999997 | 60 | 0 | 57.10999298095703 | 929808.9962461252
2.6999999999999997 | 60 | 0 | 57.10999298095703 | 929809.0129386669
2.6999999999999997 | 60 | 0 | 57.10999298095703 | 929809.0296312085
2.6999999999999997 | 60 | 0 | 57.10999298095703 | 929809.0463237502
2.6999999999999997 | 60 | 0 | 57.10999298095703 | 929809.0630162918
2.6999999999999997 | 60 | 0 | 57.10999298095703 | 929809.0797088335
2.6999999999999997 | 60 | 0 | 57.10999298095703 | 929809.0964013753
2.6999999999999997 | 60 | 0 | 57.10999298095703 | 929809.1130939169
2.9 | 60 | 0 | 57.10999298095703 | 929809.1297864586
2.9 | 60 | 0 | 57.10999298095703 | 929809.1464790002
2.9 | 60 | 0 | 57.10999298095703 | 929809.1631715419
2.9 | 60 | 0 | 57.10999298095703 | 929809.1798640835
2.9 | 60 | 0 | 57.10999298095703 | 929809.1965566252
2.9 | 60 | 0 | 57.10999298095703 | 929809.2132491668
2.9 | 60 | 0 | 57.10999298095703 | 929809.2299417085
2.5 | 60 | 0 | 57.10999298095703 | 929809.2466342502
2.5 | 60 | 0 | 57.10999298095703 | 929809.2633267918
2.5 | 60 | 0 | 57.10999298095703 | 929809.2800193336
2.5 | 60 | 0 | 57.10999298095703 | 929809.2967118752
2.5 | 60 | 0 | 57.10999298095703 | 929809.3134044169
2.5 | 60 | 0 | 57.10999298095703 | 929809.3300969586
2.5 | 60 | 0 | 57.10999298095703 | 929809.3467895002
2.5 | 60 | 0 | 57.10999298095703 | 929809.3634820419
2.8 | 60 | 0 | 57.10999298095703 | 929809.3801745835
2.8 | 60 | 0 | 57.10999298095703 | 929809.3968671252
2.8 | 60 | 0 | 57.10999298095703 | 929809.4135596668
2.8 | 60 | 0 | 57.10999298095703 | 929809.4302522085
2.8 | 60 | 0 | 57.10999298095703 | 929809.4469447501
2.8 | 60 | 0 | 57.10999298095703 | 929809.4636372919
2.8 | 60 | 0 | 57.10999298095703 | 929809.4803298336
2.8 | 60 | 0 | 57.10999298095703 | 929809.4970223752
2.9 | 60 | 0 | 57.10999298095703 | 929809.5137149169
2.9 | 60 | 0 | 57.10999298095703 | 929809.5304074585
2.9 | 60 | 0 | 57.10999298095703 | 929809.5471000002
2.9 | 60 | 0 | 57.10999298095703 | 929809.5637925419
2.9 | 60 | 0 | 57.10999298095703 | 929809.5804850835
2.9 | 60 | 0 | 57.10999298095703 | 929809.5971776252
2.9 | 60 | 0 | 57.10999298095703 | 929809.6138701668
2.9 | 60 | 0 | 57.10999298095703 | 929809.6305627085
2.7 | 60 | 0 | 57.10999298095703 | 929809.6472552503
2.7 | 60 | 0 | 57.10999298095703 | 929809.6639477919
2.7 | 60 | 0 | 57.10999298095703 | 929809.6806403336
2.7 | 60 | 0 | 57.10999298095703 | 929809.6973328752
2.7 | 60 | 0 | 57.10999298095703 | 929809.7140254169
2.7 | 60 | 0 | 57.10999298095703 | 929809.7307179585
2.7 | 60 | 0 | 57.10999298095703 | 929809.7474105002
2.7 | 61 | 0 | 57.10999298095703 | 929809.7611180835
2.8 | 61 | 0 | 57.10999298095703 | 929809.7777904585
2.8 | 61 | 0 | 57.10999298095703 | 929809.7944628336
2.8 | 61 | 0 | 57.10999298095703 | 929809.8111352086
2.8 | 61 | 0 | 57.10999298095703 | 929809.8278075835
2.8 | 61 | 0 | 57.10999298095703 | 929809.8444799585
2.8 | 61 | 0 | 57.10999298095703 | 929809.8611523336
2.8 | 61 | 0 | 57.10999298095703 | 929809.8778247086
2.6999999999999997 | 61 | 0 | 57.10999298095703 | 929809.8944970835
2.6999999999999997 | 61 | 0 | 57.10999298095703 | 929809.9113359168
2.6999999999999997 | 61 | 0 | 57.10999298095703 | 929809.9280234169
2.6999999999999997 | 61 | 0 | 57.10999298095703 | 929809.9447109168
2.6999999999999997 | 61 | 0 | 57.10999298095703 | 929809.9613984169
2.6999999999999997 | 61 | 0 | 57.10999298095703 | 929809.9780859168
2.6999999999999997 | 61 | 0 | 51.92249298095703 | 929809.9947734169
2.6999999999999997 | 61 | 0 | 51.92249298095703 | 929810.0114609168
2.6999999999999997 | 61 | 0 | 51.92249298095703 | 929810.0281484169
2.6999999999999997 | 61 | 0 | 51.92249298095703 | 929810.0448359168
2.6999999999999997 | 61 | 0 | 51.92249298095703 | 929810.0615234169
2.6999999999999997 | 61 | 0 | 51.92249298095703 | 929810.0782109168
2.6999999999999997 | 61 | 0 | 51.92249298095703 | 929810.0948984169
2.6999999999999997 | 61 | 0 | 51.92249298095703 | 929810.1115859168
2.6999999999999997 | 61 | 0 | 51.92249298095703 | 929810.1282734169
2.6999999999999997 | 61 | 0 | 51.92249298095703 | 929810.1449609168
2.6999999999999997 | 61 | 0 | 51.92249298095703 | 929810.1616484169
2.6999999999999997 | 61 | 0 | 51.92249298095703 | 929810.1783359168
2.6999999999999997 | 61 | 0 | 51.92249298095703 | 929810.1950234169
2.6999999999999997 | 61 | 0 | 51.92249298095703 | 929810.2117109168
2.6999999999999997 | 61 | 0 | 51.92249298095703 | 929810.2283984169
2.6999999999999997 | 61 | 0 | 51.92249298095703 | 929810.2450859168
2.6999999999999997 | 61 | 0 | 51.92249298095703 | 929810.2617734169
2.6999999999999997 | 61 | 0 | 51.92249298095703 | 929810.2784609168
2.6999999999999997 | 61 | 0 | 51.92249298095703 | 929810.2951484169
2.6999999999999997 | 61 | 0 | 51.92249298095703 | 929810.3118359168
2.6999999999999997 | 61 | 0 | 51.92249298095703 | 929810.3285234169
2.6999999999999997 | 61 | 0 | 51.92249298095703 | 929810.3452109168
2.6999999999999997 | 61 | 0 | 51.92249298095703 | 929810.3618984169
2.6999999999999997 | 61 | 0 | 51.92249298095703 | 929810.3785859168
2.6999999999999997 | 61 | 0 | 51.92249298095703 | 929810.3952734169
3.0 | 61 | 0 | 51.92249298095703 | 929810.4119609168
3.0 | 61 | 0 | 51.92249298095703 | 929810.4286484169
3.0 | 61 | 0 | 51.92249298095703 | 929810.4453359168
3.0 | 61 | 0 | 51.92249298095703 | 929810.4620234169
3.0 | 61 | 0 | 51.92249298095703 | 929810.4787109168
3.0 | 61 | 0 | 51.92249298095703 | 929810.4953984169
3.0 | 61 | 0 | 51.92249298095703 | 929810.5120859168
2.8 | 61 | 0 | 51.92249298095703 | 929810.5287734169
2.8 | 61 | 0 | 51.92249298095703 | 929810.5454609168
2.8 | 61 | 0 | 51.92249298095703 | 929810.5621484169
2.8 | 61 | 0 | 51.92249298095703 | 929810.5788359168
2.8 | 61 | 0 | 51.92249298095703 | 929810.5955234169
2.8 | 61 | 0 | 51.92249298095703 | 929810.6122109168
2.8 | 61 | 0 | 51.92249298095703 | 929810.6288984169
2.8 | 61 | 0 | 51.92249298095703 | 929810.6455859168
2.5 | 61 | 0 | 51.92249298095703 | 929810.6622734169
2.5 | 61 | 0 | 51.92249298095703 | 929810.6789609168
2.5 | 61 | 0 | 51.92249298095703 | 929810.6956484169
2.5 | 61 | 0 | 51.92249298095703 | 929810.7123359168
2.5 | 61 | 0 | 51.92249298095703 | 929810.7290234169
2.5 | 61 | 0 | 51.92249298095703 | 929810.7457109168
2.5 | 60 | 0 | 51.92249298095703 | 929810.7623984169
2.5 | 60 | 0 | 51.92249298095703 | 929810.7790859168
2.6999999999999997 | 60 | 0 | 51.92249298095703 | 929810.7957734169
2.6999999999999997 | 60 | 0 | 51.92249298095703 | 929810.8124609168
2.6999999999999997 | 60 | 0 | 51.92249298095703 | 929810.8291484169
2.6999999999999997 | 60 | 0 | 51.92249298095703 | 929810.8458359168
2.6999999999999997 | 60 | 0 | 51.92249298095703 | 929810.8625234169
2.6999999999999997 | 60 | 0 | 51.92249298095703 | 929810.8792109168
2.6999999999999997 | 60 | 0 | 51.92249298095703 | 929810.8958984169
2.5 | 60 | 0 | 51.92249298095703 | 929810.9125859168
2.5 | 60 | 0 | 51.92249298095703 | 929810.9292734169
2.5 | 60 | 0 | 51.92249298095703 | 929810.9459609169
2.5 | 60 | 0 | 51.92249298095703 | 929810.9626484169
2.5 | 60 | 0 | 51.92249298095703 | 929810.9793359169
2.5 | 60 | 0 | 51.92249298095703 | 929810.9960234169
2.5 | 60 | 0 | 51.92249298095703 | 929811.0127109169
2.5 | 60 | 0 | 51.92249298095703 | 929811.0293984169
2.3000000000000003 | 60 | 0 | 51.92249298095703 | 929811.0460859169
2.3000000000000003 | 60 | 0 | 51.92249298095703 | 929811.0627734169
2.3000000000000003 | 60 | 0 | 51.92249298095703 | 929811.0794609169
2.3000000000000003 | 60 | 0 | 51.92249298095703 | 929811.0961484169
2.3000000000000003 | 60 | 0 | 51.92249298095703 | 929811.1128359169
2.3000000000000003 | 60 | 0 | 51.92249298095703 | 929811.1295234169
2.3000000000000003 | 60 | 0 | 51.92249298095703 | 929811.1456435003
2.3 | 60 | 0 | 51.92249298095703 | 929811.1623177085
2.3 | 60 | 0 | 51.92249298095703 | 929811.1789919168
2.3 | 60 | 0 | 51.92249298095703 | 929811.1956661252
2.3 | 60 | 0 | 51.92249298095703 | 929811.2123403335
2.3 | 60 | 0 | 51.92249298095703 | 929811.2290145418
2.3 | 60 | 0 | 51.92249298095703 | 929811.2456887502
2.3 | 60 | 0 | 51.92249298095703 | 929811.2623629585
2.3 | 60 | 0 | 51.92249298095703 | 929811.2790371669
2.5 | 60 | 0 | 51.92249298095703 | 929811.2957113752
2.5 | 60 | 0 | 51.92249298095703 | 929811.3123855835
2.5 | 60 | 0 | 51.92249298095703 | 929811.3290597919
2.5 | 60 | 0 | 51.92249298095703 | 929811.3457340002
2.5 | 60 | 0 | 51.92249298095703 | 929811.3624082085
2.5 | 60 | 0 | 51.92249298095703 | 929811.3790824169
2.5 | 60 | 0 | 51.92249298095703 | 929811.3957566252
2.0999999999999996 | 60 | 0 | 51.92249298095703 | 929811.4124308336
2.0999999999999996 | 60 | 0 | 51.92249298095703 | 929811.4291050419
2.0999999999999996 | 60 | 0 | 51.92249298095703 | 929811.4457792502
2.0999999999999996 | 60 | 0 | 51.92249298095703 | 929811.4624534586
2.0999999999999996 | 60 | 0 | 51.92249298095703 | 929811.4791276669
2.0999999999999996 | 60 | 0 | 51.92249298095703 | 929811.4958018753
2.0999999999999996 | 60 | 0 | 51.92249298095703 | 929811.5124760836
2.0999999999999996 | 60 | 0 | 51.92249298095703 | 929811.5291502919
2.4 | 60 | 0 | 51.92249298095703 | 929811.5458245002
2.4 | 60 | 0 | 51.92249298095703 | 929811.5624987085
2.4 | 60 | 0 | 51.92249298095703 | 929811.5791729168
2.4 | 60 | 0 | 51.92249298095703 | 929811.5958471252
2.4 | 60 | 0 | 51.92249298095703 | 929811.6125213335
2.4 | 60 | 0 | 51.92249298095703 | 929811.6291955418
2.4 | 60 | 0 | 51.92249298095703 | 929811.6458697502
2.0999999999999996 | 60 | 0 | 51.92249298095703 | 929811.6625439585
2.0999999999999996 | 60 | 0 | 51.92249298095703 | 929811.6792181669
2.0999999999999996 | 60 | 0 | 51.92249298095703 | 929811.6958923752
2.0999999999999996 | 60 | 0 | 51.92249298095703 | 929811.7125665835
2.0999999999999996 | 60 | 0 | 51.92249298095703 | 929811.7292407919
2.0999999999999996 | 60 | 0 | 51.92249298095703 | 929811.7459150002
2.0999999999999996 | 60 | 0 | 51.92249298095703 | 929811.7625892085
2.0999999999999996 | 60 | 0 | 51.92249298095703 | 929811.7792634169
2.3 | 60 | 0 | 51.92249298095703 | 929811.7959376252
2.3 | 60 | 0 | 51.92249298095703 | 929811.8126118336
2.3 | 60 | 0 | 51.92249298095703 | 929811.8292860419
2.3 | 60 | 0 | 51.92249298095703 | 929811.8459602502
2.3 | 60 | 0 | 51.92249298095703 | 929811.8626344586
2.3 | 60 | 0 | 51.92249298095703 | 929811.8793086669
2.3 | 60 | 0 | 51.93811798095703 | 929811.8959828753
2.3 | 60 | 0 | 51.93811798095703 | 929811.9126570836
6.1 | 60 | 0 | 51.93811798095703 | 929811.9293312918
6.1 | 60 | 0 | 51.93811798095703 | 929811.9460055002
6.1 | 60 | 0 | 51.93811798095703 | 929811.9626797085
6.1 | 60 | 0 | 51.93811798095703 | 929811.9793539168
6.1 | 60 | 0 | 51.93811798095703 | 929811.9960281252
6.1 | 61 | 0 | 51.93811798095703 | 929812.0127023335
6.1 | 61 | 0 | 51.93811798095703 | 929812.0293765418
4.499999999999999 | 61 | 0 | 51.93811798095703 | 929812.0460507502
4.499999999999999 | 61 | 0 | 51.93811798095703 | 929812.0627249585
4.499999999999999 | 61 | 0 | 51.93811798095703 | 929812.0793991669
--- NEW ITERATION ---

CPU | FPS | Dropped |Memory (MB) | Timestamp
---
95.4 | 1 | 0 | 56.62561798095703 | 930688.6778941669
95.4 | 2 | 0 | 56.65686798095703 | 930688.6945530002
95.4 | 3 | 0 | 56.68811798095703 | 930688.7112118335
95.4 | 4 | 0 | 56.71936798095703 | 930688.7278706669
95.4 | 5 | 0 | 56.76624298095703 | 930688.7445295003
95.4 | 6 | 0 | 56.87561798095703 | 930688.7611883335
111.2 | 7 | 0 | 56.93811798095703 | 930688.7778471669
111.2 | 8 | 0 | 56.98499298095703 | 930688.7945060002
111.2 | 9 | 0 | 57.01624298095703 | 930688.8111648335
111.2 | 10 | 0 | 57.04749298095703 | 930688.8278236669
111.2 | 11 | 0 | 57.10999298095703 | 930688.8444825002
111.2 | 12 | 0 | 57.15686798095703 | 930688.8611413336
111.2 | 13 | 0 | 57.18811798095703 | 930688.8778001668
120.5 | 14 | 0 | 57.20374298095703 | 930688.8944590002
120.5 | 15 | 0 | 57.23499298095703 | 930688.9111178336
120.5 | 16 | 0 | 57.26624298095703 | 930688.9277766668
120.5 | 17 | 0 | 57.29749298095703 | 930688.9444355002
120.5 | 18 | 0 | 57.32874298095703 | 930688.9610943336
120.5 | 19 | 0 | 57.32874298095703 | 930688.9777531669
120.5 | 20 | 0 | 57.35999298095703 | 930688.9944120002
120.5 | 21 | 0 | 57.39124298095703 | 930689.0110708335
124.4 | 22 | 0 | 57.42249298095703 | 930689.0277296669
124.4 | 23 | 0 | 57.42249298095703 | 930689.0443885002
124.4 | 24 | 0 | 57.45374298095703 | 930689.0610473335
124.4 | 25 | 0 | 57.45374298095703 | 930689.0777061669
124.4 | 26 | 0 | 57.45374298095703 | 930689.0943650003
124.4 | 27 | 0 | 57.45374298095703 | 930689.1110238335
124.4 | 28 | 0 | 57.45374298095703 | 930689.1276826669
120.50000000000001 | 29 | 0 | 57.45374298095703 | 930689.1443415002
120.50000000000001 | 30 | 0 | 57.45374298095703 | 930689.1610003335
120.50000000000001 | 31 | 0 | 57.45374298095703 | 930689.1776591669
120.50000000000001 | 32 | 0 | 57.45374298095703 | 930689.1943180002
120.50000000000001 | 33 | 0 | 57.45374298095703 | 930689.2109768336
120.50000000000001 | 34 | 0 | 57.45374298095703 | 930689.2276356668
120.50000000000001 | 35 | 0 | 57.45374298095703 | 930689.2442945002
120.50000000000001 | 36 | 0 | 57.45374298095703 | 930689.2609533336
115.0 | 37 | 0 | 57.45374298095703 | 930689.2776121668
115.0 | 38 | 0 | 57.45374298095703 | 930689.2942710002
115.0 | 39 | 0 | 57.45374298095703 | 930689.3109298336
115.0 | 40 | 0 | 57.45374298095703 | 930689.3275886669
115.0 | 41 | 0 | 57.45374298095703 | 930689.3442475002
115.0 | 42 | 0 | 57.45374298095703 | 930689.3609063335
115.0 | 43 | 0 | 57.45374298095703 | 930689.3775651669
115.0 | 44 | 0 | 57.45374298095703 | 930689.3942240002
110.6 | 45 | 0 | 57.45374298095703 | 930689.4108828335
110.6 | 46 | 0 | 57.45374298095703 | 930689.4275416669
110.6 | 47 | 0 | 57.45374298095703 | 930689.4442005001
110.6 | 48 | 0 | 57.45374298095703 | 930689.4608593335
110.6 | 49 | 0 | 57.45374298095703 | 930689.4775181669
110.6 | 50 | 0 | 57.45374298095703 | 930689.4941770002
110.6 | 51 | 0 | 57.45374298095703 | 930689.5108358335
105.89999999999999 | 52 | 0 | 57.45374298095703 | 930689.5274946669
105.89999999999999 | 53 | 0 | 57.45374298095703 | 930689.5441535002
105.89999999999999 | 54 | 0 | 57.45374298095703 | 930689.5608123335
105.89999999999999 | 55 | 0 | 57.45374298095703 | 930689.5774711668
105.89999999999999 | 56 | 0 | 57.45374298095703 | 930689.5941300002
105.89999999999999 | 57 | 0 | 57.45374298095703 | 930689.6107888336
105.89999999999999 | 58 | 0 | 57.45374298095703 | 930689.6274476668
105.89999999999999 | 59 | 0 | 57.45374298095703 | 930689.6441065002
102.6 | 60 | 0 | 57.45374298095703 | 930689.6607653336
102.6 | 61 | 0 | 57.43811798095703 | 930689.6774241668
102.6 | 61 | 0 | 57.43811798095703 | 930689.6940830002
102.6 | 61 | 0 | 57.43811798095703 | 930689.7107418336
102.6 | 61 | 0 | 57.43811798095703 | 930689.7274006669
102.6 | 61 | 0 | 57.43811798095703 | 930689.7440595002
102.6 | 61 | 0 | 57.43811798095703 | 930689.7607183335
69.10000000000001 | 61 | 0 | 57.43811798095703 | 930689.7773771669
5.9 | 61 | 0 | 57.39124298095703 | 930689.7940360002
5.9 | 61 | 0 | 57.39124298095703 | 930689.8106948335
5.9 | 61 | 0 | 57.39124298095703 | 930689.8273536669
5.9 | 61 | 0 | 57.40686798095703 | 930689.8440125003
5.9 | 61 | 0 | 57.40686798095703 | 930689.8606713335
5.9 | 61 | 0 | 57.40686798095703 | 930689.8773301669
5.9 | 61 | 0 | 57.40686798095703 | 930689.8939890002
5.0 | 61 | 0 | 57.40686798095703 | 930689.9106478335
5.0 | 61 | 0 | 57.40686798095703 | 930689.9273066669
5.0 | 61 | 0 | 57.40686798095703 | 930689.9439655002
4.7 | 61 | 0 | 57.37561798095703 | 930689.9606243336
4.7 | 61 | 0 | 57.37561798095703 | 930689.9772831668
4.7 | 61 | 0 | 57.37561798095703 | 930689.9939420002
4.7 | 61 | 0 | 57.37561798095703 | 930690.0106008336
3.5000000000000004 | 61 | 0 | 57.37561798095703 | 930690.0272596668
3.5000000000000004 | 61 | 0 | 57.37561798095703 | 930690.0439185002
3.5000000000000004 | 61 | 0 | 57.37561798095703 | 930690.0605773336
3.5000000000000004 | 61 | 0 | 57.37561798095703 | 930690.0772361669
3.5000000000000004 | 61 | 0 | 57.37561798095703 | 930690.0938950002
3.5000000000000004 | 61 | 0 | 54.37561798095703 | 930690.1105538335
3.5000000000000004 | 61 | 0 | 54.37561798095703 | 930690.1272126669
3.5000000000000004 | 61 | 0 | 54.37561798095703 | 930690.1438715002
3.4 | 61 | 0 | 54.37561798095703 | 930690.1605303335
3.4 | 61 | 0 | 54.37561798095703 | 930690.1771891669
3.4 | 61 | 0 | 54.37561798095703 | 930690.1938480003
3.4 | 61 | 0 | 54.37561798095703 | 930690.2105068335
3.4 | 61 | 0 | 54.37561798095703 | 930690.2271656669
3.4 | 61 | 0 | 54.18811798095703 | 930690.2438245002
3.4 | 61 | 0 | 54.18811798095703 | 930690.2604833335
3.3 | 61 | 0 | 54.18811798095703 | 930690.2771421669
3.3 | 61 | 0 | 54.18811798095703 | 930690.2938010002
3.3 | 61 | 0 | 54.18811798095703 | 930690.3104598336
3.3 | 61 | 0 | 54.18811798095703 | 930690.3271186668
3.3 | 61 | 0 | 54.18811798095703 | 930690.3437775002
3.3 | 61 | 0 | 54.18811798095703 | 930690.3604363336
3.3 | 61 | 0 | 54.18811798095703 | 930690.3770951668
3.3 | 61 | 0 | 54.18811798095703 | 930690.3937540002
3.1 | 61 | 0 | 54.18811798095703 | 930690.4104128336
3.1 | 61 | 0 | 54.18811798095703 | 930690.4270716669
3.1 | 61 | 0 | 54.18811798095703 | 930690.4437305002
3.1 | 61 | 0 | 54.18811798095703 | 930690.4603893335
3.1 | 61 | 0 | 54.18811798095703 | 930690.4770481669
3.1 | 61 | 0 | 54.18811798095703 | 930690.4937070002
3.1 | 61 | 0 | 54.18811798095703 | 930690.5103658335
3.0 | 61 | 0 | 54.18811798095703 | 930690.5270246669
3.0 | 61 | 0 | 54.18811798095703 | 930690.5436835003
3.0 | 61 | 0 | 54.18811798095703 | 930690.5603423335
3.0 | 61 | 0 | 54.18811798095703 | 930690.5770011669
3.0 | 61 | 0 | 54.18811798095703 | 930690.5936600002
3.0 | 61 | 0 | 54.18811798095703 | 930690.6103188335
3.0 | 61 | 0 | 54.18811798095703 | 930690.6269776669
3.0 | 61 | 0 | 54.18811798095703 | 930690.6436365002
3.3000000000000003 | 61 | 0 | 54.18811798095703 | 930690.6602953335
3.3000000000000003 | 61 | 0 | 54.18811798095703 | 930690.6769541668
3.3000000000000003 | 61 | 0 | 54.18811798095703 | 930690.6936130002
3.3000000000000003 | 61 | 0 | 54.18811798095703 | 930690.7102718336
3.3000000000000003 | 61 | 0 | 54.18811798095703 | 930690.7269306668
3.3000000000000003 | 61 | 0 | 54.18811798095703 | 930690.7435895002
3.3000000000000003 | 61 | 0 | 54.18811798095703 | 930690.7602483336
3.3000000000000003 | 61 | 0 | 54.18811798095703 | 930690.7769071668
3.1 | 61 | 0 | 54.18811798095703 | 930690.7935660002
3.1 | 61 | 0 | 54.18811798095703 | 930690.8102248335
3.1 | 61 | 0 | 54.18811798095703 | 930690.8268836669
3.1 | 61 | 0 | 54.18811798095703 | 930690.8435425002
3.1 | 61 | 0 | 54.18811798095703 | 930690.8602013335
3.1 | 61 | 0 | 54.18811798095703 | 930690.8768601669
3.1 | 61 | 0 | 54.18811798095703 | 930690.8935190002
3.3000000000000003 | 61 | 0 | 54.18811798095703 | 930690.9101778335
3.3000000000000003 | 61 | 0 | 54.18811798095703 | 930690.9268366669
3.3000000000000003 | 61 | 0 | 54.18811798095703 | 930690.9434955003
3.3000000000000003 | 61 | 0 | 54.18811798095703 | 930690.9601543335
3.3000000000000003 | 61 | 0 | 54.18811798095703 | 930690.9768131669
3.3000000000000003 | 61 | 0 | 54.18811798095703 | 930690.9934720002
3.3000000000000003 | 61 | 0 | 54.18811798095703 | 930691.0101308335
3.3000000000000003 | 61 | 0 | 54.18811798095703 | 930691.0267896669
3.1 | 61 | 0 | 54.18811798095703 | 930691.0434485002
3.1 | 61 | 0 | 54.18811798095703 | 930691.0601073336
3.1 | 61 | 0 | 54.18811798095703 | 930691.0767661668
3.1 | 61 | 0 | 54.18811798095703 | 930691.0934250002
3.1 | 61 | 0 | 54.18811798095703 | 930691.1100838336
3.1 | 61 | 0 | 54.18811798095703 | 930691.1267426668
3.1 | 61 | 0 | 54.18811798095703 | 930691.1434015002
3.3000000000000003 | 61 | 0 | 54.18811798095703 | 930691.1600603336
3.3000000000000003 | 61 | 0 | 54.18811798095703 | 930691.1767191669
3.3000000000000003 | 61 | 0 | 54.18811798095703 | 930691.1933780002
3.3000000000000003 | 61 | 0 | 54.18811798095703 | 930691.2100368335
3.3000000000000003 | 61 | 0 | 54.18811798095703 | 930691.2266956669
3.3000000000000003 | 61 | 0 | 54.18811798095703 | 930691.2433545002
3.3000000000000003 | 61 | 0 | 54.18811798095703 | 930691.2600133335
3.3000000000000003 | 61 | 0 | 54.18811798095703 | 930691.2766721669
3.4 | 61 | 0 | 54.18811798095703 | 930691.2933310003
3.4 | 61 | 0 | 54.18811798095703 | 930691.3099898335
3.4 | 61 | 0 | 54.18811798095703 | 930691.3266486669
3.4 | 61 | 0 | 54.18811798095703 | 930691.3433075002
3.4 | 61 | 0 | 54.18811798095703 | 930691.3599663335
3.4 | 61 | 0 | 54.18811798095703 | 930691.3766251669
3.4 | 61 | 0 | 54.18811798095703 | 930691.3932840002
3.2 | 61 | 0 | 54.18811798095703 | 930691.4099428336
3.2 | 61 | 0 | 54.18811798095703 | 930691.4266016668
3.2 | 61 | 0 | 54.18811798095703 | 930691.4432605002
3.2 | 61 | 0 | 54.18811798095703 | 930691.4599193336
3.2 | 61 | 0 | 54.18811798095703 | 930691.4765781668
3.2 | 61 | 0 | 54.18811798095703 | 930691.4932370002
3.2 | 61 | 0 | 54.18811798095703 | 930691.5098958336
3.2 | 61 | 0 | 54.18811798095703 | 930691.5265546669
3.3000000000000003 | 61 | 0 | 54.18811798095703 | 930691.5432135002
3.3000000000000003 | 61 | 0 | 54.18811798095703 | 930691.5598723335
3.3000000000000003 | 61 | 0 | 54.18811798095703 | 930691.5765311669
3.3000000000000003 | 61 | 0 | 54.18811798095703 | 930691.5931900002
3.3000000000000003 | 61 | 0 | 54.18811798095703 | 930691.6098488335
3.3000000000000003 | 61 | 0 | 54.18811798095703 | 930691.6265076669
3.3000000000000003 | 61 | 0 | 54.18811798095703 | 930691.6431665003
3.5000000000000004 | 61 | 0 | 54.18811798095703 | 930691.6598253335
3.5000000000000004 | 61 | 0 | 54.18811798095703 | 930691.6764841669
3.5000000000000004 | 61 | 0 | 54.18811798095703 | 930691.6931430002
3.5000000000000004 | 61 | 0 | 54.18811798095703 | 930691.7098018335
3.5000000000000004 | 61 | 0 | 54.18811798095703 | 930691.7264606669
3.5000000000000004 | 61 | 0 | 54.18811798095703 | 930691.7431195002
3.5000000000000004 | 61 | 0 | 54.18811798095703 | 930691.7597783336
3.5000000000000004 | 61 | 0 | 54.18811798095703 | 930691.7764371668
3.2 | 61 | 0 | 54.18811798095703 | 930691.7930960002
3.2 | 61 | 0 | 54.18811798095703 | 930691.8097548336
3.2 | 61 | 0 | 54.18811798095703 | 930691.8264136668
3.2 | 61 | 0 | 54.18811798095703 | 930691.8430725002
2.8000000000000003 | 61 | 0 | 54.07874298095703 | 930691.8597313336
2.8000000000000003 | 61 | 0 | 54.07874298095703 | 930691.8763901668
2.8000000000000003 | 61 | 0 | 54.07874298095703 | 930691.8930490002
3.1 | 61 | 0 | 54.07874298095703 | 930691.9097078335
3.1 | 61 | 0 | 54.07874298095703 | 930691.9263666669
3.1 | 61 | 0 | 54.07874298095703 | 930691.9430255002
3.1 | 61 | 0 | 54.07874298095703 | 930691.9596843335
3.1 | 61 | 0 | 54.07874298095703 | 930691.9763431669
3.1 | 61 | 0 | 54.07874298095703 | 930691.9930020001
3.1 | 61 | 0 | 54.07874298095703 | 930692.0096608335
3.1 | 61 | 0 | 54.07874298095703 | 930692.0263196669
2.9000000000000004 | 61 | 0 | 54.07874298095703 | 930692.0429785002
2.9000000000000004 | 61 | 0 | 54.07874298095703 | 930692.0596373335
2.9000000000000004 | 61 | 0 | 54.07874298095703 | 930692.0762961669
2.9000000000000004 | 61 | 0 | 54.07874298095703 | 930692.0929550002
2.9000000000000004 | 61 | 0 | 54.04749298095703 | 930692.1096138335
2.9000000000000004 | 61 | 0 | 54.04749298095703 | 930692.1262726669
2.9000000000000004 | 61 | 0 | 54.04749298095703 | 930692.1429315002
2.6 | 61 | 0 | 54.04749298095703 | 930692.1595903336
2.6 | 61 | 0 | 54.04749298095703 | 930692.1762491668
2.6 | 61 | 0 | 54.04749298095703 | 930692.1929080002
2.6 | 61 | 0 | 54.04749298095703 | 930692.2095668336
2.6 | 61 | 0 | 54.04749298095703 | 930692.2262256668
2.6 | 61 | 0 | 54.04749298095703 | 930692.2428845002
2.6 | 61 | 0 | 54.04749298095703 | 930692.2595433336
2.6 | 61 | 0 | 54.04749298095703 | 930692.2762021669
3.1 | 61 | 0 | 54.04749298095703 | 930692.2928610002
3.1 | 61 | 0 | 54.04749298095703 | 930692.3095198335
3.1 | 61 | 0 | 54.04749298095703 | 930692.3261786669
3.1 | 61 | 0 | 54.04749298095703 | 930692.3428375002
3.1 | 61 | 0 | 54.04749298095703 | 930692.3594963335
3.1 | 61 | 0 | 54.04749298095703 | 930692.3761551669
3.1 | 61 | 0 | 54.04749298095703 | 930692.3928140003
2.8 | 61 | 0 | 54.04749298095703 | 930692.4094728335
2.8 | 61 | 0 | 54.04749298095703 | 930692.4261316669
2.8 | 61 | 0 | 54.04749298095703 | 930692.4427905002
2.8 | 61 | 0 | 54.04749298095703 | 930692.4594493335
2.8 | 61 | 0 | 54.04749298095703 | 930692.4761081669
2.8 | 61 | 0 | 54.04749298095703 | 930692.4927670002
2.8 | 61 | 0 | 54.04749298095703 | 930692.5094258336
2.8 | 61 | 0 | 54.04749298095703 | 930692.5260846668
3.1 | 61 | 0 | 54.04749298095703 | 930692.5427435002
3.1 | 61 | 0 | 54.04749298095703 | 930692.5594023336
3.1 | 61 | 0 | 54.04749298095703 | 930692.5760611668
3.1 | 61 | 0 | 54.04749298095703 | 930692.5927200002
3.1 | 61 | 0 | 54.04749298095703 | 930692.6093788336
3.1 | 61 | 0 | 54.04749298095703 | 930692.6260376669
3.1 | 61 | 0 | 54.04749298095703 | 930692.6426965002
3.1 | 61 | 0 | 54.04749298095703 | 930692.6593553335
3.1 | 61 | 0 | 54.04749298095703 | 930692.6760141669
3.1 | 61 | 0 | 54.04749298095703 | 930692.6926730002
3.1 | 61 | 0 | 54.04749298095703 | 930692.7093318335
3.1 | 61 | 0 | 54.04749298095703 | 930692.7259906669
3.1 | 61 | 0 | 54.04749298095703 | 930692.7426495003
3.1 | 61 | 0 | 54.04749298095703 | 930692.7593083335
3.1 | 61 | 0 | 54.04749298095703 | 930692.7759671669
2.8 | 61 | 0 | 54.04749298095703 | 930692.7926260002
2.8 | 61 | 0 | 54.04749298095703 | 930692.8092848335
2.8 | 61 | 0 | 54.04749298095703 | 930692.8259436669
2.8 | 61 | 0 | 54.04749298095703 | 930692.8426025002
2.8 | 61 | 0 | 54.04749298095703 | 930692.8592613336
2.8 | 61 | 0 | 54.04749298095703 | 930692.8759201668
2.8 | 61 | 0 | 54.04749298095703 | 930692.8925790002
2.8 | 61 | 0 | 54.04749298095703 | 930692.9092378336
3.0 | 61 | 0 | 54.04749298095703 | 930692.9258966668
3.0 | 61 | 0 | 54.04749298095703 | 930692.9425555002
3.0 | 61 | 0 | 54.04749298095703 | 930692.9592143336
3.0 | 61 | 0 | 54.04749298095703 | 930692.9758731669
3.0 | 61 | 0 | 54.04749298095703 | 930692.9925320002
3.0 | 61 | 0 | 54.04749298095703 | 930693.0091908335
3.0 | 61 | 0 | 54.04749298095703 | 930693.0258496669
2.5999999999999996 | 61 | 0 | 54.04749298095703 | 930693.0425085002
2.5999999999999996 | 61 | 0 | 54.04749298095703 | 930693.0591673335
2.5999999999999996 | 61 | 0 | 54.04749298095703 | 930693.0758261669
2.5999999999999996 | 61 | 0 | 54.04749298095703 | 930693.0924850001
2.5999999999999996 | 61 | 0 | 54.04749298095703 | 930693.1091438335
2.5999999999999996 | 61 | 0 | 54.04749298095703 | 930693.1258026669
2.5999999999999996 | 61 | 0 | 54.04749298095703 | 930693.1424615002
2.5999999999999996 | 61 | 0 | 54.04749298095703 | 930693.1591203335
2.7999999999999994 | 61 | 0 | 54.04749298095703 | 930693.1757791669
2.7999999999999994 | 61 | 0 | 54.04749298095703 | 930693.1924380002
2.7999999999999994 | 61 | 0 | 54.04749298095703 | 930693.2090968335
2.7999999999999994 | 61 | 0 | 54.04749298095703 | 930693.2257556668
2.7999999999999994 | 61 | 0 | 54.04749298095703 | 930693.2424145002
2.7999999999999994 | 61 | 0 | 54.04749298095703 | 930693.2590733336
2.7999999999999994 | 61 | 0 | 54.04749298095703 | 930693.2757321668
2.6999999999999997 | 61 | 0 | 54.04749298095703 | 930693.2923910002
2.6999999999999997 | 61 | 0 | 54.04749298095703 | 930693.3090498336
2.6999999999999997 | 61 | 0 | 54.04749298095703 | 930693.3257086668
2.6999999999999997 | 61 | 0 | 54.04749298095703 | 930693.3423675002
2.6999999999999997 | 61 | 0 | 54.04749298095703 | 930693.3590263335
2.6999999999999997 | 61 | 0 | 54.04749298095703 | 930693.3756851669
2.6999999999999997 | 61 | 0 | 54.04749298095703 | 930693.3923440002
2.6999999999999997 | 61 | 0 | 54.04749298095703 | 930693.4090028335
2.5999999999999996 | 61 | 0 | 54.04749298095703 | 930693.4256616669
2.5999999999999996 | 61 | 0 | 54.04749298095703 | 930693.4423205002
2.5999999999999996 | 61 | 0 | 54.04749298095703 | 930693.4589793335
2.5999999999999996 | 61 | 0 | 54.04749298095703 | 930693.4756381669
2.5999999999999996 | 61 | 0 | 54.04749298095703 | 930693.4922970003
2.5999999999999996 | 61 | 0 | 54.04749298095703 | 930693.5089558335
2.5999999999999996 | 61 | 0 | 54.04749298095703 | 930693.5256146669
2.6999999999999997 | 61 | 0 | 54.04749298095703 | 930693.5422735002
2.6999999999999997 | 61 | 0 | 54.04749298095703 | 930693.5589323335
2.6999999999999997 | 61 | 0 | 54.04749298095703 | 930693.5755911669
2.6999999999999997 | 61 | 0 | 54.04749298095703 | 930693.5922500002
2.6999999999999997 | 61 | 0 | 54.04749298095703 | 930693.6089088336
2.6999999999999997 | 61 | 0 | 54.04749298095703 | 930693.6255676668
2.6999999999999997 | 61 | 0 | 54.04749298095703 | 930693.6422265002
2.6999999999999997 | 61 | 0 | 54.04749298095703 | 930693.6588853336
2.8 | 61 | 0 | 54.04749298095703 | 930693.6755441668
2.8 | 61 | 0 | 54.04749298095703 | 930693.6922030002
2.8 | 61 | 0 | 54.04749298095703 | 930693.7088618336
2.8 | 61 | 0 | 54.04749298095703 | 930693.7255206669
2.8 | 61 | 0 | 54.04749298095703 | 930693.7421795002
2.8 | 61 | 0 | 54.04749298095703 | 930693.7588383335
2.8 | 61 | 0 | 54.04749298095703 | 930693.7754971669
2.5999999999999996 | 61 | 0 | 54.04749298095703 | 930693.7921560002
2.5999999999999996 | 61 | 0 | 54.04749298095703 | 930693.8088148335
2.5999999999999996 | 61 | 0 | 54.04749298095703 | 930693.8254736669