
--- ITERATION 0 ---

CPU | Memory (MB) | Timestamp
---
25.3 | 113.25066375732422 | 614289.9610797084
25.3 | 113.25066375732422 | 614289.9777722502
25.3 | 113.25066375732422 | 614289.9944647918
25.3 | 113.25066375732422 | 614290.0111573335
25.3 | 113.25066375732422 | 614290.0278498752
25.3 | 113.25066375732422 | 614290.0445424168
29.9 | 113.25066375732422 | 614290.0612349585
Execution time: 0.1628708839416504

--- ITERATION 2 ---
33.6 | 113.56318664550781 | 614291.3632532085
33.6 | 113.59443664550781 | 614291.3799457501
33.6 | 113.59443664550781 | 614291.3966382918
33.6 | 113.56318664550781 | 614291.4133308334
33.6 | 113.56318664550781 | 614291.4300233751
27.4 | 113.56318664550781 | 614291.4467159169
27.4 | 113.56318664550781 | 614291.4634084585
27.4 | 113.56318664550781 | 614291.4801010002
27.4 | 113.56318664550781 | 614291.4967935418
27.4 | 113.56318664550781 | 614291.5134860835
27.4 | 113.56318664550781 | 614291.5301786251
27.4 | 113.56318664550781 | 614291.5468711668
Execution time: 0.07765412330627441

--- ITERATION 3 ---
25.2 | 113.57881164550781 | 614291.6637189585
25.2 | 113.57881164550781 | 614291.6804115002
33.5 | 113.57881164550781 | 614291.6971040418
33.5 | 113.57881164550781 | 614291.7137965835
33.5 | 113.57881164550781 | 614291.7304891251
33.5 | 113.57881164550781 | 614291.7471816668
33.5 | 113.57881164550781 | 614291.7638742084
33.5 | 113.57881164550781 | 614291.7805667501
33.5 | 113.57881164550781 | 614291.7972592918
27.0 | 113.57881164550781 | 614291.8139518335
27.0 | 113.57881164550781 | 614291.8306443752
Execution time: 0.08728885650634766

--- ITERATION 4 ---
33.0 | 113.65693664550781 | 614291.9474921668
33.0 | 113.62568664550781 | 614291.9641847084
33.0 | 113.62568664550781 | 614291.9808772501
33.0 | 113.62568664550781 | 614291.9975697919
33.0 | 113.62568664550781 | 614292.0142623335
33.0 | 113.62568664550781 | 614292.0309548752
33.0 | 113.62568664550781 | 614292.0476474168
30.5 | 113.62568664550781 | 614292.0643399585
30.5 | 113.62568664550781 | 614292.0810325001
30.5 | 113.62568664550781 | 614292.0977250418
30.5 | 113.62568664550781 | 614292.1144175834
30.5 | 113.62568664550781 | 614292.1311101251
Execution time: 0.07941579818725586

--- ITERATION 5 ---
25.3 | 113.64131164550781 | 614292.2813430001
25.3 | 113.62568664550781 | 614292.2980355418
34.300000000000004 | 113.62568664550781 | 614292.3147280834
34.300000000000004 | 113.62568664550781 | 614292.3314206251
34.300000000000004 | 113.62568664550781 | 614292.3481131668
34.300000000000004 | 113.62568664550781 | 614292.3648057085
34.300000000000004 | 113.62568664550781 | 614292.3814982502
34.300000000000004 | 113.62568664550781 | 614292.3981907918
34.300000000000004 | 113.62568664550781 | 614292.4148833335
Execution time: 0.1435849666595459

--- ITERATION 6 ---
27.099999999999998 | 113.70381164550781 | 614292.5818087502
27.099999999999998 | 113.70381164550781 | 614292.5985012918
27.099999999999998 | 113.70381164550781 | 614292.6151938335
27.099999999999998 | 113.70381164550781 | 614292.6318863751
27.099999999999998 | 113.70381164550781 | 614292.6485789168
27.099999999999998 | 113.70381164550781 | 614292.6652714584
Execution time: 0.14615511894226074

--- ITERATION 7 ---
28.000000000000007 | 113.70381164550781 | 614292.8267152918
28.000000000000007 | 113.71943664550781 | 614292.8433863334
28.000000000000007 | 113.73506164550781 | 614292.8600573752
28.000000000000007 | 113.73506164550781 | 614292.8767284168
28.000000000000007 | 113.73506164550781 | 614292.8933994585
28.000000000000007 | 113.73506164550781 | 614292.9100705001
28.000000000000007 | 113.73506164550781 | 614292.9267415418
30.5 | 113.73506164550781 | 614292.9434125834
30.5 | 113.73506164550781 | 614292.9600836252
Execution time: 0.1857919692993164

--- ITERATION 8 ---
31.099999999999994 | 113.75068664550781 | 614293.1768071668
27.800000000000004 | 113.73506164550781 | 614293.1934782085
27.800000000000004 | 113.73506164550781 | 614293.2101492501
27.800000000000004 | 113.73506164550781 | 614293.2268202918
27.800000000000004 | 113.73506164550781 | 614293.2434913334
Execution time: 0.16284918785095215

--- ITERATION 9 ---
33.99999999999999 | 113.75068664550781 | 614293.4268727918
31.199999999999996 | 113.75068664550781 | 614293.4435438334
31.199999999999996 | 113.75068664550781 | 614293.4602148752
31.199999999999996 | 113.75068664550781 | 614293.4768859168
31.199999999999996 | 113.75068664550781 | 614293.4935569585
31.199999999999996 | 113.75068664550781 | 614293.5102280001
31.199999999999996 | 113.75068664550781 | 614293.5268990418
31.199999999999996 | 113.75068664550781 | 614293.5435700834
28.100000000000005 | 113.75068664550781 | 614293.5602411252
28.100000000000005 | 113.75068664550781 | 614293.5769121668
28.100000000000005 | 113.75068664550781 | 614293.5935832085
28.100000000000005 | 113.75068664550781 | 614293.6102542501
28.100000000000005 | 113.75068664550781 | 614293.6269252918
28.100000000000005 | 113.75068664550781 | 614293.6435963335
28.100000000000005 | 113.75068664550781 | 614293.6602673752
28.100000000000005 | 113.75068664550781 | 614293.6769384168
18.000000000000004 | 113.75068664550781 | 614293.6936094585
Execution time: 0.6530191898345947

--- ITERATION 10 ---
6.1 | 113.81318664550781 | 614294.3937932085
6.1 | 113.79756164550781 | 614294.4104642501
6.1 | 113.79756164550781 | 614294.4271352919
16.7 | 113.79756164550781 | 614294.4438063335
16.7 | 113.79756164550781 | 614294.4604773752
16.7 | 113.79756164550781 | 614294.4771484168
16.7 | 113.79756164550781 | 614294.4938194584
Execution time: 0.2024390697479248

--- ITERATION 11 ---
17.200000000000006 | 113.87568664550781 | 614294.7272140417
17.200000000000006 | 113.87568664550781 | 614294.7438850835
17.200000000000006 | 113.87568664550781 | 614294.7605561251
17.200000000000006 | 113.87568664550781 | 614294.7772271668
17.200000000000006 | 113.87568664550781 | 614294.7938982084
17.200000000000006 | 113.87568664550781 | 614294.8105692501
Execution time: 0.20447802543640137

--- ITERATION 12 ---
29.200000000000003 | 113.95381164550781 | 614295.0606348751
22.200000000000003 | 113.95381164550781 | 614295.0773059168
22.200000000000003 | 113.95381164550781 | 614295.0939769584
22.200000000000003 | 113.95381164550781 | 614295.1106480001
22.200000000000003 | 113.95381164550781 | 614295.1273190418
Execution time: 0.20784401893615723

--- ITERATION 13 ---
24.6 | 113.95381164550781 | 614295.3607136251
24.6 | 113.95381164550781 | 614295.3773846668
24.6 | 113.95381164550781 | 614295.3940557084
24.6 | 113.95381164550781 | 614295.4107267502
24.6 | 113.95381164550781 | 614295.4273977918
29.6 | 113.95381164550781 | 614295.4440688335
29.6 | 113.95381164550781 | 614295.4602496668
Execution time: 0.1606149673461914

--- ITERATION 14 ---
27.3 | 113.98506164550781 | 614295.6438486251
27.3 | 113.98506164550781 | 614295.6605359168
27.3 | 113.98506164550781 | 614295.6772232085
26.8 | 113.98506164550781 | 614295.6939105002
26.8 | 113.98506164550781 | 614295.7105977918
26.8 | 113.98506164550781 | 614295.7272850835
26.8 | 113.98506164550781 | 614295.7439723752
Execution time: 0.14386200904846191

--- ITERATION 15 ---
29.599999999999998 | 114.01631164550781 | 614295.9275432918
27.8 | 114.01631164550781 | 614295.9442309168
27.8 | 114.01631164550781 | 614295.9609185418
27.8 | 114.01631164550781 | 614295.9776061669
27.8 | 114.01631164550781 | 614295.9942937918
27.8 | 114.01631164550781 | 614296.0109814168
27.8 | 114.01631164550781 | 614296.0276690418
27.8 | 114.01631164550781 | 614296.0443566669
27.8 | 114.01631164550781 | 614296.0610442918
26.100000000000005 | 114.01631164550781 | 614296.0777319168
Execution time: 0.20175790786743164

--- ITERATION 16 ---
24.000000000000004 | 114.07881164550781 | 614296.2946942918
24.000000000000004 | 114.07881164550781 | 614296.3113823752
28.400000000000002 | 114.07881164550781 | 614296.3280704585
28.400000000000002 | 114.07881164550781 | 614296.3447585418
28.400000000000002 | 114.07881164550781 | 614296.3614466251
28.400000000000002 | 114.07881164550781 | 614296.3781347085
28.400000000000002 | 114.07881164550781 | 614296.3948227918
28.400000000000002 | 114.07881164550781 | 614296.4115108751
28.400000000000002 | 114.07881164550781 | 614296.4281989585
22.6 | 114.07881164550781 | 614296.4448870418
22.6 | 114.07881164550781 | 614296.4615751251
Execution time: 0.08696794509887695

--- ITERATION 17 ---
34.1 | 114.09443664550781 | 614296.5783917084
34.1 | 114.12568664550781 | 614296.5950797918
34.1 | 114.12568664550781 | 614296.6117678751
34.1 | 114.09443664550781 | 614296.6284559584
34.1 | 114.09443664550781 | 614296.6451440417
34.1 | 114.09443664550781 | 614296.6618321252
34.1 | 114.09443664550781 | 614296.6785202085
28.500000000000004 | 114.09443664550781 | 614296.6952082918
28.500000000000004 | 114.09443664550781 | 614296.7118963752
28.500000000000004 | 114.09443664550781 | 614296.7285844585
28.500000000000004 | 114.09443664550781 | 614296.7452725418
28.500000000000004 | 114.09443664550781 | 614296.7619606252
28.500000000000004 | 114.09443664550781 | 614296.7786487085
28.500000000000004 | 114.09443664550781 | 614296.7953367918
28.500000000000004 | 114.09443664550781 | 614296.8120248751
19.200000000000003 | 114.09443664550781 | 614296.8287129585
19.200000000000003 | 114.09443664550781 | 614296.8454010418
19.200000000000003 | 114.09443664550781 | 614296.8620891251
19.200000000000003 | 114.09443664550781 | 614296.8787772085
19.200000000000003 | 114.09443664550781 | 614296.8954652918
19.200000000000003 | 114.09443664550781 | 614296.9121533751
19.200000000000003 | 114.09443664550781 | 614296.9288414585
13.4 | 114.09443664550781 | 614296.9455295418
13.4 | 114.09443664550781 | 614296.9622176251
13.4 | 114.11006164550781 | 614296.9789057084
13.4 | 114.11006164550781 | 614296.9955937918
13.4 | 114.11006164550781 | 614297.0122818751
13.4 | 114.11006164550781 | 614297.0289699584
Execution time: 0.6996009349822998

--- ITERATION 18 ---
4.3999999999999995 | 114.15693664550781 | 614297.7632456252
4.3999999999999995 | 114.17256164550781 | 614297.7799337085
4.3999999999999995 | 114.17256164550781 | 614297.7966217918
4.3999999999999995 | 114.17256164550781 | 614297.8133098751
16.6 | 114.17256164550781 | 614297.8299979585
16.6 | 114.17256164550781 | 614297.8466860418
16.6 | 114.17256164550781 | 614297.8633741251
16.6 | 114.17256164550781 | 614297.8800622085
16.6 | 114.17256164550781 | 614297.8967502918
16.6 | 114.17256164550781 | 614297.9134383751
16.6 | 114.17256164550781 | 614297.9301264585
16.6 | 114.17256164550781 | 614297.9468145418
12.799999999999999 | 114.17256164550781 | 614297.9635026251
12.799999999999999 | 114.17256164550781 | 614297.9801907084
12.799999999999999 | 114.17256164550781 | 614297.9968787918
12.799999999999999 | 114.17256164550781 | 614298.0135668751
12.799999999999999 | 114.17256164550781 | 614298.0302549584
12.799999999999999 | 114.17256164550781 | 614298.0469430418
12.799999999999999 | 114.17256164550781 | 614298.0636311251
12.2 | 114.17256164550781 | 614298.0803192084
12.2 | 114.17256164550781 | 614298.0970072919
12.2 | 114.17256164550781 | 614298.1136953752
12.2 | 114.17256164550781 | 614298.1303834585
12.2 | 114.17256164550781 | 614298.1470715418
12.2 | 114.17256164550781 | 614298.1637596252
12.2 | 114.17256164550781 | 614298.1804477085
Execution time: 0.466080904006958

--- ITERATION 19 ---
10.100000000000001 | 114.23506164550781 | 614298.6810902085
10.100000000000001 | 114.23506164550781 | 614298.6977782918
19.599999999999998 | 114.23506164550781 | 614298.7144663752
19.599999999999998 | 114.23506164550781 | 614298.7311544585
19.599999999999998 | 114.23506164550781 | 614298.7478425418
Execution time: 0.2514219284057617

--- ITERATION 20 ---
22.099999999999998 | 114.26631164550781 | 614299.0315399584
22.099999999999998 | 114.26631164550781 | 614299.0482280419
22.099999999999998 | 114.26631164550781 | 614299.0649161251
30.9 | 114.26631164550781 | 614299.0816042084
30.9 | 114.26631164550781 | 614299.0982922917
30.9 | 114.26631164550781 | 614299.1149803752
30.9 | 114.26631164550781 | 614299.1316684585
30.9 | 114.26631164550781 | 614299.1483565418
30.9 | 114.26631164550781 | 614299.1650446252
30.9 | 114.26631164550781 | 614299.1817327085
Execution time: 0.08663797378540039

--- ITERATION 21 ---
24.6 | 114.29756164550781 | 614299.2985492918
24.6 | 114.29756164550781 | 614299.3152373751
35.2 | 114.29756164550781 | 614299.3319254585
35.2 | 114.29756164550781 | 614299.3486135418
35.2 | 114.29756164550781 | 614299.3653016251
35.2 | 114.29756164550781 | 614299.3819897085
35.2 | 114.29756164550781 | 614299.3986777918
35.2 | 114.29756164550781 | 614299.4153658751
35.2 | 114.29756164550781 | 614299.4320539584
35.2 | 114.29756164550781 | 614299.4487420418
25.1 | 114.29756164550781 | 614299.4654301251
25.1 | 114.29756164550781 | 614299.4821182084
Execution time: 0.14321112632751465

--- ITERATION 22 ---
28.8 | 114.37568664550781 | 614299.6489990418
28.8 | 114.37568664550781 | 614299.6656871252
28.8 | 114.37568664550781 | 614299.6823752085
28.8 | 114.37568664550781 | 614299.6990632918
24.2 | 114.37568664550781 | 614299.7157513752
24.2 | 114.37568664550781 | 614299.7324394585
24.2 | 114.37568664550781 | 614299.7491275418
24.2 | 114.37568664550781 | 614299.7658156251
Execution time: 0.23315691947937012

--- ITERATION 23 ---
22.0 | 114.40693664550781 | 614300.0328249584
22.0 | 114.40693664550781 | 614300.0495130419
22.0 | 114.40693664550781 | 614300.0662011252
27.500000000000004 | 114.40693664550781 | 614300.0828892085
27.500000000000004 | 114.42256164550781 | 614300.0995772918
27.500000000000004 | 114.42256164550781 | 614300.1162653752
27.500000000000004 | 114.42256164550781 | 614300.1329534585
27.500000000000004 | 114.42256164550781 | 614300.1496415418
27.500000000000004 | 114.42256164550781 | 614300.1663296252
27.500000000000004 | 114.42256164550781 | 614300.1830177085
27.500000000000004 | 114.42256164550781 | 614300.1997057918
Execution time: 0.07250595092773438

--- ITERATION 24 ---
21.1 | 114.48506164550781 | 614300.3165223751
33.49999999999999 | 114.46943664550781 | 614300.3332104585
33.49999999999999 | 114.46943664550781 | 614300.3498985418
33.49999999999999 | 114.46943664550781 | 614300.3665866251
33.49999999999999 | 114.46943664550781 | 614300.3832747085
33.49999999999999 | 114.46943664550781 | 614300.3999627918
33.49999999999999 | 114.46943664550781 | 614300.4166508751
33.49999999999999 | 114.46943664550781 | 614300.4333389584
33.49999999999999 | 114.46943664550781 | 614300.4500270418
28.9 | 114.46943664550781 | 614300.4667151251
28.9 | 114.46943664550781 | 614300.4834032084
28.9 | 114.46943664550781 | 614300.5000912918
Execution time: 0.08488988876342773

--- ITERATION 25 ---
28.6 | 114.48506164550781 | 614300.6169078752
28.6 | 114.48506164550781 | 614300.6335959585
28.6 | 114.48506164550781 | 614300.6502840418
28.6 | 114.48506164550781 | 614300.6669721252
28.6 | 114.48506164550781 | 614300.6836602085
28.6 | 114.48506164550781 | 614300.7003482918
27.7 | 114.48506164550781 | 614300.7170363751
27.7 | 114.48506164550781 | 614300.7337244585
27.7 | 114.48506164550781 | 614300.7504125418
27.7 | 114.48506164550781 | 614300.7671006251
27.7 | 114.48506164550781 | 614300.7837887085
27.7 | 114.48506164550781 | 614300.8004767918
27.7 | 114.48506164550781 | 614300.8171648751
22.099999999999998 | 114.48506164550781 | 614300.8338529585
Execution time: 0.1453709602355957

--- ITERATION 26 ---
28.1 | 114.51631164550781 | 614301.0007337919
28.1 | 114.51631164550781 | 614301.0174218751
28.1 | 114.51631164550781 | 614301.0341099584
28.1 | 114.51631164550781 | 614301.0507980417
28.1 | 114.51631164550781 | 614301.0674861252
28.900000000000002 | 114.51631164550781 | 614301.0841742085
28.900000000000002 | 114.51631164550781 | 614301.1008622918
Execution time: 0.7169098854064941

--- ITERATION 27 ---
8.0 | 114.54756164550781 | 614301.8351379585
8.0 | 114.54756164550781 | 614301.8518260418
8.0 | 114.54756164550781 | 614301.8685141251
8.0 | 114.54756164550781 | 614301.8852022084
8.0 | 114.54756164550781 | 614301.9018902918
8.0 | 114.54756164550781 | 614301.9185783751
8.0 | 114.54756164550781 | 614301.9352664584
8.0 | 114.54756164550781 | 614301.9519545418
7.4 | 114.54756164550781 | 614301.9686426251
7.4 | 114.54756164550781 | 614301.9853307084
7.4 | 114.54756164550781 | 614302.0020187919
7.4 | 114.54756164550781 | 614302.0187068752
7.4 | 114.54756164550781 | 614302.0353949585
7.4 | 114.54756164550781 | 614302.0520830418
7.4 | 114.54756164550781 | 614302.0687711252
8.4 | 114.54756164550781 | 614302.0854592085
8.4 | 114.54756164550781 | 614302.1021472918
8.4 | 114.54756164550781 | 614302.1188353752
8.4 | 114.54756164550781 | 614302.1355234585
8.4 | 114.54756164550781 | 614302.1522115418
8.4 | 114.54756164550781 | 614302.1688996252
8.4 | 114.54756164550781 | 614302.1855877085
8.4 | 114.56318664550781 | 614302.2022757918
13.0 | 114.56318664550781 | 614302.2189638751
Execution time: 0.1649918556213379

--- ITERATION 28 ---
19.5 | 114.59443664550781 | 614302.4025327918
19.5 | 114.59443664550781 | 614302.4192208751
19.5 | 114.59443664550781 | 614302.4359089584
19.5 | 114.59443664550781 | 614302.4525970418
24.0 | 114.59443664550781 | 614302.4692851251
24.0 | 114.59443664550781 | 614302.4859732084
24.0 | 114.59443664550781 | 614302.5026612919
24.0 | 114.59443664550781 | 614302.5193493752
Execution time: 0.13021111488342285

--- ITERATION 29 ---
23.199999999999996 | 114.62568664550781 | 614302.6695421251
23.199999999999996 | 114.64131164550781 | 614302.6862302085
23.199999999999996 | 114.64131164550781 | 614302.7029182918
27.299999999999997 | 114.64131164550781 | 614302.7196063751
27.299999999999997 | 114.64131164550781 | 614302.7362944585
27.299999999999997 | 114.64131164550781 | 614302.7529825418
27.299999999999997 | 114.64131164550781 | 614302.7696706251
27.299999999999997 | 114.64131164550781 | 614302.7863587085
27.299999999999997 | 114.64131164550781 | 614302.8030467918
27.299999999999997 | 114.64131164550781 | 614302.8197348751
21.299999999999997 | 114.64131164550781 | 614302.8364229584
21.299999999999997 | 114.64131164550781 | 614302.8531110418
21.299999999999997 | 114.64131164550781 | 614302.8697991251
21.299999999999997 | 114.64131164550781 | 614302.8864872084
21.299999999999997 | 114.64131164550781 | 614302.9031752918
21.299999999999997 | 114.64131164550781 | 614302.9198633751
Execution time: 0.11469507217407227

--- ITERATION 30 ---
25.900000000000002 | 114.64131164550781 | 614303.0533680418
25.900000000000002 | 114.65693664550781 | 614303.0700561252
27.799999999999997 | 114.65693664550781 | 614303.0867442085
27.799999999999997 | 114.65693664550781 | 614303.1034322918
27.799999999999997 | 114.65693664550781 | 614303.1201203752
27.799999999999997 | 114.65693664550781 | 614303.1368084585
27.799999999999997 | 114.65693664550781 | 614303.1534965418
Execution time: 0.17676806449890137

--- ITERATION 31 ---
26.599999999999998 | 114.70381164550781 | 614303.3537535418
26.599999999999998 | 114.70381164550781 | 614303.3704416251
26.599999999999998 | 114.70381164550781 | 614303.3871297084
26.599999999999998 | 114.70381164550781 | 614303.4038177918
26.599999999999998 | 114.70381164550781 | 614303.4205058751
26.599999999999998 | 114.71943664550781 | 614303.4371939584
26.599999999999998 | 114.75068664550781 | 614303.4538820419
27.7 | 114.75068664550781 | 614303.4705701252
27.7 | 114.75068664550781 | 614303.4872582084
27.7 | 114.75068664550781 | 614303.5039462917
27.7 | 114.75068664550781 | 614303.5206343752
27.7 | 114.71943664550781 | 614303.5373224585
27.7 | 114.71943664550781 | 614303.5540105418
27.7 | 114.71943664550781 | 614303.5706986252
Execution time: 0.07798504829406738

--- ITERATION 32 ---
24.5 | 114.81318664550781 | 614303.6708271251
24.5 | 114.81318664550781 | 614303.6875152085
24.5 | 114.81318664550781 | 614303.7042032918
30.400000000000002 | 114.81318664550781 | 614303.7208913751
30.400000000000002 | 114.81318664550781 | 614303.7375794585
30.400000000000002 | 114.81318664550781 | 614303.7542675418
30.400000000000002 | 114.81318664550781 | 614303.7709556251
30.400000000000002 | 114.82881164550781 | 614303.7876437085
30.400000000000002 | 114.82881164550781 | 614303.8043317918
30.400000000000002 | 114.82881164550781 | 614303.8210198751
30.300000000000004 | 114.82881164550781 | 614303.8377079584
Execution time: 0.13585305213928223

--- ITERATION 33 ---
30.699999999999996 | 114.87568664550781 | 614303.9879007085
30.699999999999996 | 114.90693664550781 | 614304.0045887918
30.699999999999996 | 114.90693664550781 | 614304.0212768752
30.699999999999996 | 114.90693664550781 | 614304.0379649585
30.699999999999996 | 114.90693664550781 | 614304.0546530418
30.699999999999996 | 114.87568664550781 | 614304.0713411252
24.299999999999997 | 114.87568664550781 | 614304.0880292085
24.299999999999997 | 114.87568664550781 | 614304.1047172918
24.299999999999997 | 114.87568664550781 | 614304.1214053752
24.299999999999997 | 114.87568664550781 | 614304.1380934585
Execution time: 0.16182303428649902

--- ITERATION 34 ---
30.700000000000003 | 114.90693664550781 | 614304.3216623751
29.3 | 114.90693664550781 | 614304.3383504584
29.3 | 114.90693664550781 | 614304.3550385418
29.3 | 114.90693664550781 | 614304.3717266251
29.3 | 114.90693664550781 | 614304.3884147084
29.3 | 114.90693664550781 | 614304.4051027918
Execution time: 0.14667797088623047

--- ITERATION 35 ---
29.5 | 114.98506164550781 | 614304.5719836252
30.1 | 115.03193664550781 | 614304.5886717085
30.1 | 115.03193664550781 | 614304.6053597918
30.1 | 115.00068664550781 | 614304.6220478752
30.1 | 115.00068664550781 | 614304.6387359585
30.1 | 115.00068664550781 | 614304.6554240418
30.1 | 115.00068664550781 | 614304.6721121251
30.1 | 115.00068664550781 | 614304.6888002085
30.1 | 115.00068664550781 | 614304.7054882918
Execution time: 0.12163496017456055

--- ITERATION 36 ---
31.899999999999995 | 115.01631164550781 | 614304.8556810418
31.899999999999995 | 115.06318664550781 | 614304.8723691251
31.899999999999995 | 115.06318664550781 | 614304.8890572084
31.899999999999995 | 115.06318664550781 | 614304.9057452918
31.899999999999995 | 115.06318664550781 | 614304.9224333751
31.899999999999995 | 115.06318664550781 | 614304.9391214584
31.899999999999995 | 115.03193664550781 | 614304.9558095417
25.3 | 115.03193664550781 | 614304.9724976252
25.3 | 115.03193664550781 | 614304.9891857085
25.3 | 115.03193664550781 | 614305.0058737918
25.3 | 115.03193664550781 | 614305.0225618752
25.3 | 115.03193664550781 | 614305.0392499585
25.3 | 115.03193664550781 | 614305.0559380418
25.3 | 115.03193664550781 | 614305.0726261252
Execution time: 0.13295316696166992

--- ITERATION 37 ---
27.5 | 115.11006164550781 | 614305.2228188751
27.5 | 115.11006164550781 | 614305.2395069585
27.5 | 115.11006164550781 | 614305.2561950418
27.5 | 115.11006164550781 | 614305.2728831251
27.5 | 115.11006164550781 | 614305.2895712084
27.5 | 115.11006164550781 | 614305.3062592918
27.5 | 115.11006164550781 | 614305.3229473751
27.599999999999998 | 115.11006164550781 | 614305.3396354584
27.599999999999998 | 115.11006164550781 | 614305.3563235418
Execution time: 0.21385765075683594

--- ITERATION 38 ---
25.1 | 115.12568664550781 | 614305.5899567085
25.1 | 115.12568664550781 | 614305.6066447918
25.1 | 115.12568664550781 | 614305.6233328751
25.1 | 115.12568664550781 | 614305.6400209585
25.1 | 115.12568664550781 | 614305.6567090418
25.1 | 115.12568664550781 | 614305.6733971251
Execution time: 0.1764206886291504

--- ITERATION 39 ---
25.299999999999994 | 115.15693664550781 | 614305.8903422084
25.299999999999994 | 115.15693664550781 | 614305.9070302919
25.299999999999994 | 115.15693664550781 | 614305.9237183752
25.299999999999994 | 115.15693664550781 | 614305.9404064585
25.299999999999994 | 115.15693664550781 | 614305.9570945418
28.500000000000004 | 115.15693664550781 | 614305.9737826252
28.500000000000004 | 115.15693664550781 | 614305.9904707085
28.500000000000004 | 115.15693664550781 | 614306.0071587918
Execution time: 0.24941301345825195

--- ITERATION 40 ---
22.4 | 115.23506164550781 | 614306.2741681251
22.4 | 115.23506164550781 | 614306.2908562084
22.4 | 115.23506164550781 | 614306.3075442918
22.4 | 115.23506164550781 | 614306.3242323751
30.8 | 115.23506164550781 | 614306.3409204584
30.8 | 115.23506164550781 | 614306.3576085418
30.8 | 115.23506164550781 | 614306.3742966251
30.8 | 115.23506164550781 | 614306.3909847084
Execution time: 0.12388372421264648

--- ITERATION 41 ---
28.200000000000003 | 115.26631164550781 | 614306.5411774585
28.200000000000003 | 115.26631164550781 | 614306.5578655418
28.200000000000003 | 115.26631164550781 | 614306.5745536252
30.2 | 115.28193664550781 | 614306.5912417085
30.2 | 115.26631164550781 | 614306.6079297918
30.2 | 115.26631164550781 | 614306.6246178751
30.2 | 115.26631164550781 | 614306.6413059585
30.2 | 115.26631164550781 | 614306.6579940418
30.2 | 115.26631164550781 | 614306.6746821251
30.2 | 115.26631164550781 | 614306.6913702085
30.2 | 115.26631164550781 | 614306.7080582918
Execution time: 0.17165088653564453

--- ITERATION 42 ---
26.9 | 115.29756164550781 | 614306.9250033752
26.9 | 115.29756164550781 | 614306.9416914585
26.9 | 115.29756164550781 | 614306.9583795418
28.5 | 115.29756164550781 | 614306.9750676252
28.5 | 115.29756164550781 | 614306.9917557085
28.5 | 115.29756164550781 | 614307.0084437918
28.5 | 115.29756164550781 | 614307.0251318752
Execution time: 0.15710186958312988

--- ITERATION 43 ---
26.5 | 115.37568664550781 | 614307.2087007918
30.7 | 115.39131164550781 | 614307.2253888751
30.7 | 115.39131164550781 | 614307.2420769584
30.7 | 115.39131164550781 | 614307.2587650418
30.7 | 115.39131164550781 | 614307.2754531251
30.7 | 115.39131164550781 | 614307.2921412084
30.7 | 115.39131164550781 | 614307.3088292918
30.7 | 115.39131164550781 | 614307.3255173751
19.8 | 115.39131164550781 | 614307.3422054584
19.8 | 115.39131164550781 | 614307.3588935419
19.8 | 115.39131164550781 | 614307.3755816252
19.8 | 115.39131164550781 | 614307.3922697084
19.8 | 115.39131164550781 | 614307.4089577917
19.8 | 115.39131164550781 | 614307.4256458752
19.8 | 115.39131164550781 | 614307.4423339585
19.8 | 115.40693664550781 | 614307.4590220418
13.7 | 115.40693664550781 | 614307.4757101252
13.7 | 115.40693664550781 | 614307.4923982085
13.7 | 115.40693664550781 | 614307.5090862918
13.7 | 115.40693664550781 | 614307.5257743752
13.7 | 115.40693664550781 | 614307.5424624585
13.7 | 115.40693664550781 | 614307.5591505418
13.7 | 115.40693664550781 | 614307.5758386251
10.2 | 115.40693664550781 | 614307.5925267085
10.2 | 115.40693664550781 | 614307.6092147918
10.2 | 115.40693664550781 | 614307.6259028751
10.2 | 115.40693664550781 | 614307.6425909585
10.2 | 115.40693664550781 | 614307.6592790418
10.2 | 115.40693664550781 | 614307.6759671251
10.2 | 115.40693664550781 | 614307.6926552085
10.2 | 115.40693664550781 | 614307.7093432918
8.7 | 115.40693664550781 | 614307.7260313751
8.7 | 115.40693664550781 | 614307.7427194584
8.7 | 115.40693664550781 | 614307.7594075418
8.7 | 115.40693664550781 | 614307.7760956251
8.7 | 115.40693664550781 | 614307.7927837084
8.7 | 115.40693664550781 | 614307.8094717918
8.7 | 115.40693664550781 | 614307.8261598751
7.1000000000000005 | 115.40693664550781 | 614307.8428479584
7.1000000000000005 | 115.40693664550781 | 614307.8595360419
7.1000000000000005 | 115.40693664550781 | 614307.8762241252
7.1000000000000005 | 115.40693664550781 | 614307.8929122085
7.1000000000000005 | 115.40693664550781 | 614307.9096002918
7.1000000000000005 | 115.40693664550781 | 614307.9262883752
7.1000000000000005 | 115.40693664550781 | 614307.9429764585
7.1000000000000005 | 115.40693664550781 | 614307.9596645418
6.0 | 115.40693664550781 | 614307.9763526252
6.0 | 115.40693664550781 | 614307.9930407085
6.0 | 115.40693664550781 | 614308.0097287918
6.0 | 115.40693664550781 | 614308.0264168752
6.0 | 115.40693664550781 | 614308.0431049585
6.0 | 115.40693664550781 | 614308.0597930418
6.0 | 115.40693664550781 | 614308.0764811251
6.1000000000000005 | 115.40693664550781 | 614308.0931692085
6.1000000000000005 | 115.40693664550781 | 614308.1098572918
6.1000000000000005 | 115.40693664550781 | 614308.1265453751
6.1000000000000005 | 115.40693664550781 | 614308.1432334585
6.1000000000000005 | 115.40693664550781 | 614308.1599215418
6.1000000000000005 | 115.40693664550781 | 614308.1766096251
6.1000000000000005 | 115.40693664550781 | 614308.1932977085
6.1000000000000005 | 115.40693664550781 | 614308.2099857918
3.9999999999999996 | 115.40693664550781 | 614308.2266738751
3.9999999999999996 | 115.40693664550781 | 614308.2433619584
3.9999999999999996 | 115.40693664550781 | 614308.2600500418
3.9999999999999996 | 115.40693664550781 | 614308.2767381251
3.9999999999999996 | 115.40693664550781 | 614308.2934262084
Execution time: 1.245776891708374

--- ITERATION 44 ---
0.3 | 115.45381164550781 | 614309.5784086251
0.3 | 115.45381164550781 | 614309.5950967085
9.1 | 115.45381164550781 | 614309.6117847918
9.1 | 115.45381164550781 | 614309.6284728751
9.1 | 115.45381164550781 | 614309.6451609585
9.1 | 115.45381164550781 | 614309.6618490418
9.1 | 115.45381164550781 | 614309.6785371251
Execution time: 0.19208598136901855

--- ITERATION 45 ---
18.3 | 115.51631164550781 | 614309.8954822085
18.3 | 115.51631164550781 | 614309.9121702918
18.3 | 115.51631164550781 | 614309.9288583752
18.3 | 115.51631164550781 | 614309.9455464585
18.3 | 115.51631164550781 | 614309.9622345418
20.8 | 115.51631164550781 | 614309.9789226252
20.8 | 115.51631164550781 | 614309.9956107085
20.8 | 115.51631164550781 | 614310.0122987918
20.8 | 115.51631164550781 | 614310.0289868751
20.8 | 115.51631164550781 | 614310.0456749585
20.8 | 115.51631164550781 | 614310.0623630418
Execution time: 0.16130590438842773

--- ITERATION 46 ---
22.3 | 115.56318664550781 | 614310.2459319584
22.3 | 115.56318664550781 | 614310.2626200418
22.3 | 115.56318664550781 | 614310.2793081251
22.3 | 115.56318664550781 | 614310.2959962084
22.3 | 115.56318664550781 | 614310.3126842919
22.3 | 115.56318664550781 | 614310.3293723752
22.3 | 115.56318664550781 | 614310.3460604585
Execution time: 0.21153688430786133

--- ITERATION 47 ---
26.5 | 115.62568664550781 | 614310.5796936251
26.5 | 115.68818664550781 | 614310.5963817085
25.1 | 115.64131164550781 | 614310.6130697918
25.1 | 115.64131164550781 | 614310.6297578751
25.1 | 115.64131164550781 | 614310.6464459585
Execution time: 0.1504688262939453

--- ITERATION 48 ---
32.199999999999996 | 115.67256164550781 | 614310.8300148752
32.199999999999996 | 115.71943664550781 | 614310.8467029585
30.200000000000003 | 115.71943664550781 | 614310.8633910418
30.200000000000003 | 115.71943664550781 | 614310.8800791252
30.200000000000003 | 115.71943664550781 | 614310.8967672085
30.200000000000003 | 115.67256164550781 | 614310.9134552918
30.200000000000003 | 115.67256164550781 | 614310.9301433752
30.200000000000003 | 115.67256164550781 | 614310.9468314585
30.200000000000003 | 115.67256164550781 | 614310.9635195418
23.400000000000002 | 115.67256164550781 | 614310.9802076251
23.400000000000002 | 115.67256164550781 | 614310.9968957085
Execution time: 0.18110013008117676

--- ITERATION 49 ---
27.900000000000002 | 115.70381164550781 | 614311.2138407918
28.8 | 115.70381164550781 | 614311.2305288751
28.8 | 115.70381164550781 | 614311.2472169584
28.8 | 115.70381164550781 | 614311.2639050419
28.8 | 115.70381164550781 | 614311.2805931251
28.8 | 115.70381164550781 | 614311.2972812084
28.8 | 115.70381164550781 | 614311.3139692917
Execution time: 0.13596510887145996

--- ITERATION 50 ---
29.900000000000002 | 115.75068664550781 | 614311.4808501251
29.900000000000002 | 115.75068664550781 | 614311.4975382085
29.900000000000002 | 115.75068664550781 | 614311.5142262918
29.900000000000002 | 115.75068664550781 | 614311.5309143751
29.900000000000002 | 115.75068664550781 | 614311.5476024585
29.900000000000002 | 115.75068664550781 | 614311.5642905418
29.900000000000002 | 115.75068664550781 | 614311.5809786251
29.900000000000002 | 115.75068664550781 | 614311.5976667085
Execution time: 0.20944976806640625

--- ITERATION 51 ---
27.0 | 115.79756164550781 | 614311.8479879585
28.700000000000006 | 115.79756164550781 | 614311.8646760418
28.700000000000006 | 115.79756164550781 | 614311.8813641252
28.700000000000006 | 115.79756164550781 | 614311.8980522085
Execution time: 0.1470949649810791

--- ITERATION 52 ---
29.2 | 115.87568664550781 | 614312.0816211251
29.2 | 115.87568664550781 | 614312.0983092085
31.2 | 115.87568664550781 | 614312.1149972918
31.2 | 115.87568664550781 | 614312.1316853751
31.2 | 115.87568664550781 | 614312.1483734584
31.2 | 115.87568664550781 | 614312.1650615418
31.2 | 115.93818664550781 | 614312.1817496251
31.2 | 115.93818664550781 | 614312.1984377084
31.2 | 115.93818664550781 | 614312.2151257918
24.6 | 115.93818664550781 | 614312.2318138751
24.6 | 115.89131164550781 | 614312.2485019584
Execution time: 0.0782628059387207

--- ITERATION 53 ---
32.9 | 115.96943664550781 | 614312.3653185418
32.9 | 115.96943664550781 | 614312.3820066252
32.9 | 115.96943664550781 | 614312.3986947085
32.9 | 115.96943664550781 | 614312.4153827918
32.9 | 115.96943664550781 | 614312.4320708752
32.9 | 115.96943664550781 | 614312.4487589585
32.9 | 115.96943664550781 | 614312.4654470418
26.700000000000003 | 115.96943664550781 | 614312.4821351251
26.700000000000003 | 115.96943664550781 | 614312.4988232085
26.700000000000003 | 115.96943664550781 | 614312.5155112918
26.700000000000003 | 115.96943664550781 | 614312.5321993751
26.700000000000003 | 115.96943664550781 | 614312.5488874585
26.700000000000003 | 115.96943664550781 | 614312.5655755418
26.700000000000003 | 115.96943664550781 | 614312.5822636251
26.700000000000003 | 115.96943664550781 | 614312.5989517085
16.7 | 115.96943664550781 | 614312.6156397918
16.7 | 115.96943664550781 | 614312.6323278751
16.7 | 115.96943664550781 | 614312.6490159584
16.7 | 115.96943664550781 | 614312.6657040418
16.7 | 115.96943664550781 | 614312.6823921251
16.7 | 115.96943664550781 | 614312.6990802084
16.7 | 115.96943664550781 | 614312.7157682918
16.799999999999997 | 115.96943664550781 | 614312.7324563751
16.799999999999997 | 115.96943664550781 | 614312.7491444584
16.799999999999997 | 115.96943664550781 | 614312.7658325417
16.799999999999997 | 115.96943664550781 | 614312.7825206252
16.799999999999997 | 115.96943664550781 | 614312.7992087085
16.799999999999997 | 115.96943664550781 | 614312.8158967918
16.799999999999997 | 115.96943664550781 | 614312.8325848752
16.799999999999997 | 115.96943664550781 | 614312.8492729585
12.6 | 115.96943664550781 | 614312.8659610418
12.6 | 115.96943664550781 | 614312.8826491252
Execution time: 2.9379870891571045

--- ITERATION 54 ---
1.6 | 115.96943664550781 | 614315.8516885001
1.6 | 115.96943664550781 | 614315.8683612918
4.1000000000000005 | 115.96943664550781 | 614315.8850340835
4.1000000000000005 | 115.96943664550781 | 614315.9017068752
4.1000000000000005 | 115.96943664550781 | 614315.9183796667
4.1000000000000005 | 115.96943664550781 | 614315.9350524584
4.1000000000000005 | 115.96943664550781 | 614315.9517252501
4.1000000000000005 | 115.96943664550781 | 614315.9683980418
4.1000000000000005 | 115.96943664550781 | 614315.9850708335
4.1000000000000005 | 115.96943664550781 | 614316.0017436252
4.1000000000000005 | 115.96943664550781 | 614316.0184164168
4.1000000000000005 | 115.96943664550781 | 614316.0350892085
4.1000000000000005 | 115.96943664550781 | 614316.0517620002
4.1000000000000005 | 115.96943664550781 | 614316.0684347918
4.1000000000000005 | 115.96943664550781 | 614316.0851075834
4.1000000000000005 | 115.96943664550781 | 614316.1017803751
4.1000000000000005 | 115.96943664550781 | 614316.1184531668
2.8 | 115.96943664550781 | 614316.1351259585
2.8 | 115.96943664550781 | 614316.1517987502
2.8 | 115.96943664550781 | 614316.1684715418
2.8 | 115.96943664550781 | 614316.1851443335
2.8 | 115.96943664550781 | 614316.2018171251
2.8 | 115.96943664550781 | 614316.2184899168
2.8 | 115.96943664550781 | 614316.2351627084
1.8 | 115.96943664550781 | 614316.2518355001
1.8 | 115.96943664550781 | 614316.2685082918
1.8 | 115.96943664550781 | 614316.2851810835
1.8 | 115.96943664550781 | 614316.3018538752
1.8 | 115.96943664550781 | 614316.3185266668
1.8 | 115.96943664550781 | 614316.3351994585
1.8 | 115.96943664550781 | 614316.3518722501
1.8 | 115.96943664550781 | 614316.3685450418
1.4 | 115.96943664550781 | 614316.3852178334
1.4 | 115.96943664550781 | 614316.4018906251
1.4 | 115.96943664550781 | 614316.4185634168
1.4 | 115.96943664550781 | 614316.4352362085
1.4 | 115.96943664550781 | 614316.4519090002
1.4 | 115.96943664550781 | 614316.4685817919
1.4 | 115.96943664550781 | 614316.4852545834
2.0 | 115.96943664550781 | 614316.5019273751
2.0 | 115.96943664550781 | 614316.5186001668
2.0 | 115.96943664550781 | 614316.5352729585
2.0 | 115.96943664550781 | 614316.5519457501
2.0 | 115.98506164550781 | 614316.5686185418
2.0 | 115.98506164550781 | 614316.5852913335
2.0 | 115.98506164550781 | 614316.6019641252
2.0 | 115.98506164550781 | 614316.6186369169
2.4 | 115.98506164550781 | 614316.6353097084
2.4 | 115.98506164550781 | 614316.6519825001
2.4 | 115.98506164550781 | 614316.6686552918
2.4 | 115.98506164550781 | 614316.6853280835
2.4 | 115.98506164550781 | 614316.7020008751
2.4 | 115.98506164550781 | 614316.7186736668
2.4 | 115.98506164550781 | 614316.7353464585
2.4 | 115.98506164550781 | 614316.7520192502
2.3000000000000003 | 115.98506164550781 | 614316.7686920417
2.3000000000000003 | 115.98506164550781 | 614316.7853648334
2.3000000000000003 | 115.98506164550781 | 614316.8020376251
2.3000000000000003 | 115.98506164550781 | 614316.8187104168
2.3000000000000003 | 115.98506164550781 | 614316.8353832085
2.3000000000000003 | 115.98506164550781 | 614316.8520560001
2.3000000000000003 | 115.98506164550781 | 614316.8687287918
2.3000000000000003 | 115.98506164550781 | 614316.8854015835
2.3000000000000003 | 115.98506164550781 | 614316.9020743752
2.3000000000000003 | 115.98506164550781 | 614316.9187471668
2.3000000000000003 | 115.98506164550781 | 614316.9354199584
2.3000000000000003 | 115.98506164550781 | 614316.9520927501
2.3000000000000003 | 115.98506164550781 | 614316.9687655418
2.3000000000000003 | 115.98506164550781 | 614316.9854383335
2.3000000000000003 | 115.98506164550781 | 614317.0021111252
2.4 | 115.98506164550781 | 614317.0187839168
2.4 | 115.98506164550781 | 614317.0354567085
2.4 | 115.98506164550781 | 614317.0521295001
2.4 | 115.98506164550781 | 614317.0688022918
2.4 | 115.98506164550781 | 614317.0854750834
2.4 | 115.98506164550781 | 614317.1021478751
2.4 | 115.98506164550781 | 614317.1188206668
2.8 | 115.98506164550781 | 614317.1354934585
2.8 | 115.98506164550781 | 614317.1521662502
2.8 | 115.98506164550781 | 614317.1688390418
2.8 | 115.98506164550781 | 614317.1855118335
2.8 | 115.98506164550781 | 614317.2021846251
2.8 | 115.98506164550781 | 614317.2188574168
2.8 | 115.98506164550781 | 614317.2355302084
2.8 | 115.98506164550781 | 614317.2522030001
2.6 | 115.98506164550781 | 614317.2688757918
2.6 | 115.98506164550781 | 614317.2855485835
2.6 | 115.98506164550781 | 614317.3022213752
2.6 | 115.98506164550781 | 614317.3188941668
2.6 | 115.98506164550781 | 614317.3355669584
2.6 | 115.98506164550781 | 614317.3522397501
2.6 | 115.98506164550781 | 614317.3689125418
2.4 | 115.98506164550781 | 614317.3855853335
2.4 | 115.98506164550781 | 614317.4022581251
2.4 | 115.98506164550781 | 614317.4189309168
2.4 | 115.98506164550781 | 614317.4356037085
2.4 | 115.98506164550781 | 614317.4522765002
2.4 | 115.98506164550781 | 614317.4689492919
2.4 | 115.98506164550781 | 614317.4856220834
2.4 | 115.98506164550781 | 614317.5022948751
2.4 | 115.98506164550781 | 614317.5189676668
2.4 | 115.98506164550781 | 614317.5356404585
2.4 | 115.98506164550781 | 614317.5523132501
2.4 | 115.98506164550781 | 614317.5689860418
2.4 | 115.98506164550781 | 614317.5856588335
2.4 | 115.98506164550781 | 614317.6023316252
2.4 | 115.98506164550781 | 614317.6190044167
2.3 | 115.98506164550781 | 614317.6356772084
2.3 | 115.98506164550781 | 614317.6523500001
2.3 | 115.98506164550781 | 614317.6690227918
2.3 | 115.98506164550781 | 614317.6856955835
2.3 | 115.98506164550781 | 614317.7023683751
2.3 | 115.98506164550781 | 614317.7190411668
2.3 | 115.98506164550781 | 614317.7357139585
2.3 | 115.98506164550781 | 614317.7523867502
2.6 | 115.98506164550781 | 614317.7690595418
2.6 | 115.98506164550781 | 614317.7857323334
2.6 | 115.98506164550781 | 614317.8024051251
2.6 | 115.98506164550781 | 614317.8190779168
2.6 | 115.98506164550781 | 614317.8357507085
2.6 | 115.98506164550781 | 614317.8524235002
2.6 | 115.98506164550781 | 614317.8690962918
2.4 | 115.98506164550781 | 614317.8857690835
2.4 | 115.98506164550781 | 614317.9024418751
2.4 | 115.98506164550781 | 614317.9191146668
2.4 | 115.98506164550781 | 614317.9357874584
2.4 | 115.98506164550781 | 614317.9524602501
2.4 | 115.98506164550781 | 614317.9691330418
2.4 | 115.98506164550781 | 614317.9858058335
2.4 | 115.98506164550781 | 614318.0024786252
2.5 | 115.98506164550781 | 614318.0191514168
2.5 | 115.98506164550781 | 614318.0358242085
2.5 | 115.98506164550781 | 614318.0524970001
2.5 | 115.98506164550781 | 614318.0691697918
2.5 | 115.98506164550781 | 614318.0858425834
2.5 | 115.98506164550781 | 614318.1025153751
2.5 | 115.98506164550781 | 614318.1191881668
2.3 | 115.98506164550781 | 614318.1358609585
2.3 | 115.98506164550781 | 614318.1525337502
2.3 | 115.98506164550781 | 614318.1692065418
2.3 | 115.98506164550781 | 614318.1858793334
2.3 | 115.98506164550781 | 614318.2025521251
2.3 | 115.98506164550781 | 614318.2192249168
2.3 | 115.98506164550781 | 614318.2358977085
2.3 | 115.98506164550781 | 614318.2525705001
Execution time: 0.4819481372833252

--- ITERATION 55 ---
5.6 | 115.98506164550781 | 614318.9528277501
5.6 | 115.98506164550781 | 614318.9695005418
5.6 | 115.98506164550781 | 614318.9861733335
5.6 | 115.98506164550781 | 614319.0028461252
16.0 | 115.98506164550781 | 614319.0195189168
16.0 | 115.98506164550781 | 614319.0361917085
16.0 | 115.98506164550781 | 614319.0528645001
16.0 | 115.98506164550781 | 614319.0695372918
16.0 | 115.98506164550781 | 614319.0862100834
16.0 | 115.98506164550781 | 614319.1028828751
16.0 | 115.98506164550781 | 614319.1195556668
13.7 | 115.98506164550781 | 614319.1362284585
13.7 | 115.98506164550781 | 614319.1529012502
13.7 | 115.98506164550781 | 614319.1695740419
Execution time: 0.4198927879333496

--- ITERATION 56 ---
13.900000000000002 | 116.06318664550781 | 614319.6197394168
13.900000000000002 | 116.04756164550781 | 614319.6364122084
14.700000000000001 | 116.04756164550781 | 614319.6530850001
14.700000000000001 | 116.04756164550781 | 614319.6697577918
14.700000000000001 | 116.04756164550781 | 614319.6864305835
14.700000000000001 | 116.04756164550781 | 614319.7031033752
14.700000000000001 | 116.04756164550781 | 614319.7197761668
14.700000000000001 | 116.04756164550781 | 614319.7364489585
14.700000000000001 | 116.04756164550781 | 614319.7531217501
11.7 | 116.04756164550781 | 614319.7697945418
11.7 | 116.04756164550781 | 614319.7864673334
11.7 | 116.04756164550781 | 614319.8031401251
11.7 | 116.04756164550781 | 614319.8198129168
11.7 | 116.04756164550781 | 614319.8364857085
11.7 | 116.04756164550781 | 614319.8531585002
11.7 | 116.04756164550781 | 614319.8698312918
11.7 | 116.04756164550781 | 614319.8865040835
7.4 | 116.04756164550781 | 614319.9031768751
7.4 | 116.04756164550781 | 614319.9198496668
7.4 | 116.04756164550781 | 614319.9365224584
7.4 | 116.04756164550781 | 614319.9531952501
7.4 | 116.04756164550781 | 614319.9698680418
7.4 | 116.04756164550781 | 614319.9865408335
7.4 | 116.04756164550781 | 614320.0032136252
6.3 | 116.04756164550781 | 614320.0198864168
6.3 | 116.04756164550781 | 614320.0365592084
6.3 | 116.04756164550781 | 614320.0532320001
6.3 | 116.04756164550781 | 614320.0699047918
6.3 | 116.04756164550781 | 614320.0865775835
6.3 | 116.04756164550781 | 614320.1032503751
6.3 | 116.04756164550781 | 614320.1199231668
6.3 | 116.04756164550781 | 614320.1365959585
17.900000000000002 | 116.04756164550781 | 614320.1532687502
17.900000000000002 | 116.04756164550781 | 614320.1699415419
Execution time: 0.3281898498535156

--- ITERATION 57 ---
20.400000000000002 | 116.07881164550781 | 614320.5200701668
20.400000000000002 | 116.07881164550781 | 614320.5367429585
20.400000000000002 | 116.07881164550781 | 614320.5534157502
20.400000000000002 | 116.07881164550781 | 614320.5700885418
20.400000000000002 | 116.07881164550781 | 614320.5867613335
20.400000000000002 | 116.07881164550781 | 614320.6034341251
20.400000000000002 | 116.07881164550781 | 614320.6201069168
Execution time: 0.17280983924865723

--- ITERATION 58 ---
26.8 | 116.15693664550781 | 614320.8201804168
26.8 | 116.15693664550781 | 614320.8368532085
26.8 | 116.15693664550781 | 614320.8535260002
26.8 | 116.15693664550781 | 614320.8701987918
26.8 | 116.15693664550781 | 614320.8868715834
29.400000000000002 | 116.15693664550781 | 614320.9035443751
29.400000000000002 | 116.15693664550781 | 614320.9202171668
Execution time: 0.2292640209197998

--- ITERATION 59 ---
21.8 | 116.20381164550781 | 614321.1703090419
21.8 | 116.20381164550781 | 614321.1869818334
21.8 | 116.20381164550781 | 614321.2036546251
21.8 | 116.20381164550781 | 614321.2203274168
21.8 | 116.20381164550781 | 614321.2370002085
21.8 | 116.20381164550781 | 614321.2536730001
30.1 | 116.20381164550781 | 614321.2703457918
30.1 | 116.20381164550781 | 614321.2870185835
30.1 | 116.20381164550781 | 614321.3036913752
30.1 | 116.20381164550781 | 614321.3203641667
30.1 | 116.20381164550781 | 614321.3370369584
30.1 | 116.20381164550781 | 614321.3537097501
Execution time: 0.14118409156799316

--- ITERATION 60 ---
30.0 | 116.21943664550781 | 614321.5371104585
30.0 | 116.21943664550781 | 614321.5537832502
30.0 | 116.21943664550781 | 614321.5704560418
30.0 | 116.21943664550781 | 614321.5871288335
30.0 | 116.21943664550781 | 614321.6038016251
30.0 | 116.21943664550781 | 614321.6204744168
30.0 | 116.21943664550781 | 614321.6371472084
30.599999999999998 | 116.21943664550781 | 614321.6538200001
Execution time: 0.23046517372131348

--- ITERATION 61 ---
26.400000000000002 | 116.26631164550781 | 614321.9039118751
26.400000000000002 | 116.26631164550781 | 614321.9205846668
26.400000000000002 | 116.26631164550781 | 614321.9372574585
26.400000000000002 | 116.26631164550781 | 614321.9539302501
26.400000000000002 | 116.26631164550781 | 614321.9706030418
26.400000000000002 | 116.26631164550781 | 614321.9872758335
Execution time: 0.2725708484649658

--- ITERATION 62 ---
19.400000000000002 | 116.31318664550781 | 614322.2873860835
19.400000000000002 | 116.31318664550781 | 614322.3040588752
19.400000000000002 | 116.31318664550781 | 614322.3207316668
19.400000000000002 | 116.31318664550781 | 614322.3374044584
Execution time: 0.1449131965637207

--- ITERATION 63 ---
32.1 | 116.36006164550781 | 614322.5208051668
32.1 | 116.42256164550781 | 614322.5374779585
32.1 | 116.42256164550781 | 614322.5541507502
32.1 | 116.37568664550781 | 614322.5708235418
32.1 | 116.37568664550781 | 614322.5874963335
32.1 | 116.37568664550781 | 614322.6041691251
32.1 | 116.37568664550781 | 614322.6208419168
32.1 | 116.37568664550781 | 614322.6375147084
27.7 | 116.37568664550781 | 614322.6541875001
27.7 | 116.37568664550781 | 614322.6708602918
Execution time: 0.24004006385803223

--- ITERATION 64 ---
21.1 | 116.37568664550781 | 614322.9376249585
21.1 | 116.37568664550781 | 614322.9542977501
21.1 | 116.37568664550781 | 614322.9709705418
21.1 | 116.37568664550781 | 614322.9876433335
21.1 | 116.37568664550781 | 614323.0043161252
29.200000000000003 | 116.37568664550781 | 614323.0209889167
Execution time: 0.1624758243560791

--- ITERATION 65 ---
27.3 | 116.40693664550781 | 614323.2043896251
27.3 | 116.40693664550781 | 614323.2210624168
27.3 | 116.40693664550781 | 614323.2377352085
27.3 | 116.40693664550781 | 614323.2544080002
27.3 | 116.40693664550781 | 614323.2710807918
Execution time: 0.23282098770141602

--- ITERATION 66 ---
25.5 | 116.45381164550781 | 614323.5378454585
25.5 | 116.43818664550781 | 614323.5545182502
25.5 | 116.43818664550781 | 614323.5711910418
25.5 | 116.43818664550781 | 614323.5878638334
25.5 | 116.43818664550781 | 614323.6045366251
25.5 | 116.43818664550781 | 614323.6212094168
25.5 | 116.43818664550781 | 614323.6378822085
Execution time: 0.15665197372436523

--- ITERATION 67 ---
27.7 | 116.45381164550781 | 614323.8046101251
27.7 | 116.45381164550781 | 614323.8212829168
27.7 | 116.45381164550781 | 614323.8379557085
27.7 | 116.45381164550781 | 614323.8546285002
27.7 | 116.45381164550781 | 614323.8713012917
27.7 | 116.45381164550781 | 614323.8879740834
27.6 | 116.45381164550781 | 614323.9046468751
27.6 | 116.45381164550781 | 614323.9213196668
27.6 | 116.45381164550781 | 614323.9379924585
27.6 | 116.45381164550781 | 614323.9546652501
27.6 | 116.45381164550781 | 614323.9713380418
Execution time: 0.12842917442321777

--- ITERATION 68 ---
26.2 | 116.46943664550781 | 614324.1380659585
28.200000000000003 | 116.46943664550781 | 614324.1547387502
28.200000000000003 | 116.46943664550781 | 614324.1714115418
28.200000000000003 | 116.48506164550781 | 614324.1880843334
28.200000000000003 | 116.48506164550781 | 614324.2047571251
28.200000000000003 | 116.48506164550781 | 614324.2214299168
28.200000000000003 | 116.53193664550781 | 614324.2381027085
28.200000000000003 | 116.53193664550781 | 614324.2547755002
28.200000000000003 | 116.48506164550781 | 614324.2714482918
Execution time: 0.13404273986816406

--- ITERATION 69 ---
27.9 | 116.56318664550781 | 614324.4381762085
27.9 | 116.56318664550781 | 614324.4548490001
27.9 | 116.56318664550781 | 614324.4715217918
27.9 | 116.56318664550781 | 614324.4881945834
27.9 | 116.56318664550781 | 614324.5048673751
27.9 | 116.56318664550781 | 614324.5215401668
29.3 | 116.56318664550781 | 614324.5382129585
Execution time: 0.18338871002197266

--- ITERATION 70 ---
26.4 | 116.59443664550781 | 614324.7549592501
26.4 | 116.59443664550781 | 614324.7716320418
29.700000000000003 | 116.59443664550781 | 614324.7883048335
29.700000000000003 | 116.59443664550781 | 614324.8049776251
29.700000000000003 | 116.59443664550781 | 614324.8216504168
29.700000000000003 | 116.59443664550781 | 614324.8383232085
29.700000000000003 | 116.59443664550781 | 614324.8549960002
Execution time: 0.17200613021850586

--- ITERATION 71 ---
24.8 | 116.62568664550781 | 614325.0550695001
24.8 | 116.64131164550781 | 614325.0717422918
24.8 | 116.64131164550781 | 614325.0884150835
24.8 | 116.64131164550781 | 614325.1050878752
24.8 | 116.64131164550781 | 614325.1217606668
24.8 | 116.64131164550781 | 614325.1384334585
27.099999999999998 | 116.64131164550781 | 614325.1551062501
27.099999999999998 | 116.64131164550781 | 614325.1717790418
27.099999999999998 | 116.64131164550781 | 614325.1884518334
27.099999999999998 | 116.64131164550781 | 614325.2051246251
27.099999999999998 | 116.64131164550781 | 614325.2217974168
Execution time: 0.17651915550231934

--- ITERATION 72 ---
23.2 | 116.67256164550781 | 614325.4385437084
23.2 | 116.67256164550781 | 614325.4552165001
23.2 | 116.67256164550781 | 614325.4718892918
23.2 | 116.67256164550781 | 614325.4885620835
Execution time: 0.21250605583190918

--- ITERATION 73 ---
29.400000000000002 | 116.65693664550781 | 614325.7386539584
29.400000000000002 | 116.65693664550781 | 614325.7553267501
29.400000000000002 | 116.65693664550781 | 614325.7719995418
29.899999999999995 | 116.65693664550781 | 614325.7886723335
29.899999999999995 | 116.65693664550781 | 614325.8053451251
29.899999999999995 | 116.65693664550781 | 614325.8220179168
29.899999999999995 | 116.65693664550781 | 614325.8386907085
29.899999999999995 | 116.65693664550781 | 614325.8553635002
29.899999999999995 | 116.65693664550781 | 614325.8720362918
Execution time: 0.19362974166870117

--- ITERATION 74 ---
22.299999999999997 | 116.68818664550781 | 614326.0887825835
22.299999999999997 | 116.68818664550781 | 614326.1054553752
22.299999999999997 | 116.68818664550781 | 614326.1221281668
22.299999999999997 | 116.68818664550781 | 614326.1388009585
26.3 | 116.68818664550781 | 614326.1554737501
26.3 | 116.68818664550781 | 614326.1721465418
26.3 | 116.68818664550781 | 614326.1888193334
Execution time: 0.19908905029296875

--- ITERATION 75 ---
25.2 | 116.73506164550781 | 614326.4222384169
25.2 | 116.73506164550781 | 614326.4389112084
25.2 | 116.73506164550781 | 614326.4555840001
25.2 | 116.73506164550781 | 614326.4722567918
25.2 | 116.73506164550781 | 614326.4889295835
Execution time: 0.8492062091827393

--- ITERATION 76 ---
4.6 | 116.71943664550781 | 614327.3559147501
4.6 | 116.71943664550781 | 614327.3725875418
4.6 | 116.71943664550781 | 614327.3892603335
4.6 | 116.71943664550781 | 614327.4059331252
14.100000000000001 | 116.71943664550781 | 614327.4226059169
14.100000000000001 | 116.71943664550781 | 614327.4392787084
Execution time: 0.1809711456298828

--- ITERATION 77 ---
18.6 | 116.73506164550781 | 614327.6560250001
22.9 | 116.73506164550781 | 614327.6726977918
22.9 | 116.73506164550781 | 614327.6893705835
22.9 | 116.73506164550781 | 614327.7060433752
22.9 | 116.73506164550781 | 614327.7227161668
22.9 | 116.73506164550781 | 614327.7393889584
22.9 | 116.73506164550781 | 614327.7560617501
22.9 | 116.73506164550781 | 614327.7727345418
22.4 | 116.73506164550781 | 614327.7894073335
22.4 | 116.73506164550781 | 614327.8060801252
22.4 | 116.73506164550781 | 614327.8227529168
22.4 | 116.73506164550781 | 614327.8394257085
Execution time: 0.08412480354309082

--- ITERATION 78 ---
24.700000000000003 | 116.78193664550781 | 614327.9561352502
24.700000000000003 | 116.78193664550781 | 614327.9728080418
24.700000000000003 | 116.78193664550781 | 614327.9894808335
24.700000000000003 | 116.78193664550781 | 614328.0061536251
24.700000000000003 | 116.78193664550781 | 614328.0228264168
28.9 | 116.78193664550781 | 614328.0394992084
28.9 | 116.78193664550781 | 614328.0561720001
28.9 | 116.78193664550781 | 614328.0728447918
28.9 | 116.78193664550781 | 614328.0895175835
28.9 | 116.78193664550781 | 614328.1061903752
28.9 | 116.78193664550781 | 614328.1228631668
28.9 | 116.78193664550781 | 614328.1395359584
Execution time: 0.12871384620666504

--- ITERATION 79 ---
30.100000000000005 | 116.84443664550781 | 614328.3062638751
30.100000000000005 | 116.84443664550781 | 614328.3229366668
30.100000000000005 | 116.84443664550781 | 614328.3396094585
30.100000000000005 | 116.84443664550781 | 614328.3562822501
30.100000000000005 | 116.84443664550781 | 614328.3729550418
30.100000000000005 | 116.84443664550781 | 614328.3896278335
30.100000000000005 | 116.84443664550781 | 614328.4063006252
Execution time: 0.155411958694458

--- ITERATION 80 ---
29.3 | 116.90693664550781 | 614328.5897013334
29.3 | 116.90693664550781 | 614328.6063741251
29.3 | 116.90693664550781 | 614328.6230469168
29.3 | 116.90693664550781 | 614328.6397197085
29.3 | 116.90693664550781 | 614328.6563925002
28.8 | 116.90693664550781 | 614328.6730652918
28.8 | 116.90693664550781 | 614328.6897380835
28.8 | 116.90693664550781 | 614328.7064108751
28.8 | 116.90693664550781 | 614328.7230836668
28.8 | 116.90693664550781 | 614328.7397564584
28.8 | 116.90693664550781 | 614328.7564292501
28.8 | 116.90693664550781 | 614328.7731020418
24.6 | 116.90693664550781 | 614328.7897748335
24.6 | 116.90693664550781 | 614328.8064476252
Execution time: 0.10718417167663574

--- ITERATION 81 ---
27.6 | 116.93818664550781 | 614328.9398299585
27.6 | 116.93818664550781 | 614328.9565027502
27.6 | 116.93818664550781 | 614328.9731755418
27.6 | 116.93818664550781 | 614328.9898483334
27.6 | 116.93818664550781 | 614329.0065211251
27.6 | 116.93818664550781 | 614329.0231939168
27.2 | 116.93818664550781 | 614329.0398667085
27.2 | 116.93818664550781 | 614329.0565395001
Execution time: 0.160506010055542

--- ITERATION 82 ---
25.9 | 116.96943664550781 | 614329.2399402085
25.9 | 117.01631164550781 | 614329.2566130002
25.9 | 117.01631164550781 | 614329.2732857917
28.1 | 117.01631164550781 | 614329.2899585834
28.1 | 117.01631164550781 | 614329.3066313751
28.1 | 117.01631164550781 | 614329.3233041668
28.1 | 117.01631164550781 | 614329.3399769585
28.1 | 117.01631164550781 | 614329.3566497501
28.1 | 117.01631164550781 | 614329.3733225418
28.1 | 117.01631164550781 | 614329.3899953335
28.1 | 117.01631164550781 | 614329.4066681252
17.6 | 117.01631164550781 | 614329.4233409168
17.6 | 117.01631164550781 | 614329.4400137084
17.6 | 117.01631164550781 | 614329.4566865001
17.6 | 117.01631164550781 | 614329.4733592918
17.6 | 117.01631164550781 | 614329.4900320835
17.6 | 117.01631164550781 | 614329.5067048752
17.6 | 116.96943664550781 | 614329.5233776668
12.1 | 116.96943664550781 | 614329.5400504585
12.1 | 116.96943664550781 | 614329.5567232502
12.1 | 116.96943664550781 | 614329.5733960418
12.1 | 116.96943664550781 | 614329.5900688334
12.1 | 116.96943664550781 | 614329.6067416251
12.1 | 116.96943664550781 | 614329.6234144168
12.1 | 116.96943664550781 | 614329.6400872085
12.1 | 116.96943664550781 | 614329.6567600002
14.5 | 116.96943664550781 | 614329.6734327918
14.5 | 116.96943664550781 | 614329.6901055835
14.5 | 116.96943664550781 | 614329.7067783751
14.5 | 116.96943664550781 | 614329.7234511668
14.5 | 116.93818664550781 | 614329.7401239584
14.5 | 116.93818664550781 | 614329.7567967501
14.5 | 116.93818664550781 | 614329.7734695418
10.1 | 116.93818664550781 | 614329.7901423335
10.1 | 116.93818664550781 | 614329.8068151252
10.1 | 116.93818664550781 | 614329.8234879168
10.1 | 116.93818664550781 | 614329.8401607085
10.1 | 116.93818664550781 | 614329.8568335001
10.1 | 116.93818664550781 | 614329.8735062918
10.1 | 116.93818664550781 | 614329.8901790834
10.1 | 116.93818664550781 | 614329.9068518751
7.1 | 116.93818664550781 | 614329.9235246668
7.1 | 116.93818664550781 | 614329.9401974585
7.1 | 116.93818664550781 | 614329.9568702502
7.1 | 116.93818664550781 | 614329.9735430419
7.1 | 116.93818664550781 | 614329.9902158334
7.1 | 116.93818664550781 | 614330.0068886251
7.1 | 116.93818664550781 | 614330.0235614168
7.1 | 116.93818664550781 | 614330.0402342085
5.1 | 116.93818664550781 | 614330.0569070001
5.1 | 116.93818664550781 | 614330.0735797918
5.1 | 116.93818664550781 | 614330.0902525835
5.1 | 116.93818664550781 | 614330.1069253752
5.1 | 116.93818664550781 | 614330.1235981669
5.1 | 116.93818664550781 | 614330.1402709584
5.1 | 116.93818664550781 | 614330.1569437501
15.700000000000003 | 116.93818664550781 | 614330.1736165418
15.700000000000003 | 116.93818664550781 | 614330.1902893335
Execution time: 0.2156672477722168

--- ITERATION 83 ---
19.3 | 116.98506164550781 | 614330.4237084168
19.3 | 116.98506164550781 | 614330.4403812084
19.3 | 116.98506164550781 | 614330.4570540001
19.3 | 116.98506164550781 | 614330.4737267918
19.3 | 116.98506164550781 | 614330.4903995835
19.3 | 117.00068664550781 | 614330.5070723752
Execution time: 0.24077391624450684

--- ITERATION 84 ---
16.5 | 117.03193664550781 | 614330.7754469168
16.5 | 117.03193664550781 | 614330.7921049168
29.6 | 117.07881164550781 | 614330.8087629168
29.6 | 117.07881164550781 | 614330.8254209168
29.6 | 117.07881164550781 | 614330.8420789168
29.6 | 117.07881164550781 | 614330.8587369168
29.6 | 117.03193664550781 | 614330.8753949167
29.6 | 117.03193664550781 | 614330.8920529168
29.6 | 117.03193664550781 | 614330.9087109168
24.1 | 117.03193664550781 | 614330.9253689168
24.1 | 117.03193664550781 | 614330.9420269168
24.1 | 117.03193664550781 | 614330.9586849168
Execution time: 0.11440491676330566

--- ITERATION 85 ---
26.900000000000002 | 117.07881164550781 | 614331.1086069169
26.900000000000002 | 117.07881164550781 | 614331.1252649168
26.900000000000002 | 117.07881164550781 | 614331.1419229168
26.900000000000002 | 117.07881164550781 | 614331.1585809168
25.900000000000002 | 117.07881164550781 | 614331.1752389168
25.900000000000002 | 117.07881164550781 | 614331.1918969168
25.900000000000002 | 117.07881164550781 | 614331.2085549168
25.900000000000002 | 117.07881164550781 | 614331.2252129168
25.900000000000002 | 117.07881164550781 | 614331.2418709168
25.900000000000002 | 117.07881164550781 | 614331.2585289167
25.900000000000002 | 117.07881164550781 | 614331.2751869168
25.900000000000002 | 117.07881164550781 | 614331.2918449168
16.2 | 117.07881164550781 | 614331.3085029168
16.2 | 117.07881164550781 | 614331.3251609168
16.2 | 117.07881164550781 | 614331.3418189168
16.2 | 117.07881164550781 | 614331.3584769168
Execution time: 0.14490604400634766

--- ITERATION 86 ---
31.799999999999997 | 117.12568664550781 | 614331.5250569168
31.799999999999997 | 117.12568664550781 | 614331.5417149168
31.0 | 117.12568664550781 | 614331.5583729168
31.0 | 117.12568664550781 | 614331.5750309168
31.0 | 117.12568664550781 | 614331.5916889168
31.0 | 117.12568664550781 | 614331.6083469169
31.0 | 117.12568664550781 | 614331.6250049168
31.0 | 117.12568664550781 | 614331.6416629168
Execution time: 0.32188916206359863

--- ITERATION 87 ---
16.6 | 117.14131164550781 | 614331.9914809169
16.6 | 117.14131164550781 | 614332.0081389168
16.6 | 117.14131164550781 | 614332.0247969168
16.6 | 117.14131164550781 | 614332.0414549168
27.800000000000004 | 117.14131164550781 | 614332.0581129168
27.800000000000004 | 117.14131164550781 | 614332.0747709168
27.800000000000004 | 117.14131164550781 | 614332.0914289168
27.800000000000004 | 117.14131164550781 | 614332.1080869169
27.800000000000004 | 117.14131164550781 | 614332.1247449168
27.800000000000004 | 117.14131164550781 | 614332.1414029167
27.800000000000004 | 117.14131164550781 | 614332.1580609168
Execution time: 0.11370491981506348

--- ITERATION 88 ---
33.4 | 117.21943664550781 | 614332.3079829168
33.4 | 117.26631164550781 | 614332.3246409168
33.4 | 117.26631164550781 | 614332.3412989168
33.4 | 117.21943664550781 | 614332.3579569168
33.4 | 117.21943664550781 | 614332.3746149169
33.4 | 117.21943664550781 | 614332.3912729168
33.4 | 117.21943664550781 | 614332.4079309168
26.299999999999997 | 117.21943664550781 | 614332.4245889168
26.299999999999997 | 117.21943664550781 | 614332.4412469168
26.299999999999997 | 117.21943664550781 | 614332.4579049168
26.299999999999997 | 117.21943664550781 | 614332.4745629168
Execution time: 0.26934313774108887

--- ITERATION 89 ---
21.500000000000007 | 117.20381164550781 | 614332.7744069168
21.500000000000007 | 117.20381164550781 | 614332.7910649168
26.700000000000003 | 117.20381164550781 | 614332.8077229168
26.700000000000003 | 117.20381164550781 | 614332.8243809168
26.700000000000003 | 117.20381164550781 | 614332.8410389168
26.700000000000003 | 117.20381164550781 | 614332.8576969168
Execution time: 0.24012017250061035
