
--- NEW ITERATION ---

CPU | FPS | Dropped | Memory (MB) | Timestamp
---
9.499999999999998 | 1 | 0 | 13.344276428222656 | 929962.8912195002
9.499999999999998 | 2 | 0 | 13.391151428222656 | 929962.9064800419
9.499999999999998 | 3 | 0 | 13.422401428222656 | 929962.9231249169
33.1 | 4 | 0 | 13.422401428222656 | 929962.9397697919
33.1 | 5 | 0 | 13.422401428222656 | 929962.9564146668
33.1 | 6 | 0 | 13.438026428222656 | 929962.9730595419
33.1 | 7 | 0 | 13.438026428222656 | 929962.9897044168
33.1 | 8 | 0 | 13.438026428222656 | 929963.0063492919
33.1 | 9 | 0 | 13.438026428222656 | 929963.0229941668
33.1 | 10 | 0 | 13.438026428222656 | 929963.0396390419
33.1 | 11 | 0 | 13.438026428222656 | 929963.0564557919
45.9 | 12 | 0 | 13.438026428222656 | 929963.0731177502
45.9 | 13 | 0 | 13.438026428222656 | 929963.0897797085
45.9 | 14 | 0 | 13.438026428222656 | 929963.1064416668
45.9 | 15 | 0 | 13.438026428222656 | 929963.1231036253
45.9 | 16 | 0 | 13.438026428222656 | 929963.1397655836
45.9 | 17 | 0 | 13.438026428222656 | 929963.1564275419
45.9 | 18 | 0 | 13.438026428222656 | 929963.1730895002
29.499999999999996 | 19 | 0 | 13.438026428222656 | 929963.1897514586
29.499999999999996 | 20 | 0 | 13.438026428222656 | 929963.2064134169
29.499999999999996 | 21 | 0 | 13.438026428222656 | 929963.2230753752
29.499999999999996 | 22 | 0 | 13.438026428222656 | 929963.2397373335
29.499999999999996 | 23 | 0 | 13.438026428222656 | 929963.2563992919
29.499999999999996 | 24 | 0 | 13.438026428222656 | 929963.2730612502
29.499999999999996 | 25 | 0 | 13.438026428222656 | 929963.2897232085
29.499999999999996 | 26 | 0 | 13.438026428222656 | 929963.3063851668
21.0 | 27 | 0 | 13.391151428222656 | 929963.3230471252
21.0 | 28 | 0 | 13.391151428222656 | 929963.3397090835
21.0 | 29 | 0 | 13.391151428222656 | 929963.3563710419
21.0 | 30 | 0 | 13.391151428222656 | 929963.3730330002
21.0 | 31 | 0 | 13.391151428222656 | 929963.3896949586
21.0 | 32 | 0 | 13.328651428222656 | 929963.4063569169
21.0 | 33 | 0 | 13.328651428222656 | 929963.4230188752
21.0 | 34 | 0 | 13.328651428222656 | 929963.4396808335
15.299999999999999 | 35 | 0 | 13.328651428222656 | 929963.4563427919
15.299999999999999 | 36 | 0 | 13.328651428222656 | 929963.4730047502
15.299999999999999 | 37 | 0 | 13.328651428222656 | 929963.4896667085
15.299999999999999 | 38 | 0 | 13.328651428222656 | 929963.5063286668
15.299999999999999 | 39 | 0 | 13.328651428222656 | 929963.5229906252
15.299999999999999 | 40 | 0 | 13.328651428222656 | 929963.5396525835
15.299999999999999 | 41 | 0 | 13.328651428222656 | 929963.5563145418
10.1 | 42 | 0 | 13.328651428222656 | 929963.5729765003
10.1 | 43 | 0 | 13.328651428222656 | 929963.5896384586
10.1 | 44 | 0 | 13.328651428222656 | 929963.6063004169
10.1 | 45 | 0 | 13.328651428222656 | 929963.6229623752
10.1 | 46 | 0 | 13.328651428222656 | 929963.6396243336
10.1 | 47 | 0 | 13.328651428222656 | 929963.6562862919
10.1 | 48 | 0 | 13.328651428222656 | 929963.6729482502
10.1 | 49 | 0 | 13.328651428222656 | 929963.6896102085
7.1000000000000005 | 50 | 0 | 13.328651428222656 | 929963.7062721669
7.1000000000000005 | 51 | 0 | 13.328651428222656 | 929963.7229341252
7.1000000000000005 | 52 | 0 | 13.328651428222656 | 929963.7395960835
7.1000000000000005 | 53 | 0 | 13.328651428222656 | 929963.7562580418
7.1000000000000005 | 54 | 0 | 13.328651428222656 | 929963.7729200003
7.1000000000000005 | 55 | 0 | 13.328651428222656 | 929963.7895819586
7.1000000000000005 | 56 | 0 | 13.328651428222656 | 929963.8062439169
5.1 | 57 | 0 | 13.328651428222656 | 929963.8229058752
5.1 | 58 | 0 | 13.328651428222656 | 929963.8395678336
5.1 | 59 | 0 | 13.328651428222656 | 929963.8562297919
5.1 | 60 | 0 | 13.328651428222656 | 929963.8728917502
5.1 | 61 | 0 | 13.328651428222656 | 929963.8895537085
5.1 | 61 | 0 | 13.328651428222656 | 929963.9062156669
5.1 | 61 | 0 | 13.328651428222656 | 929963.9228776252
5.1 | 61 | 0 | 13.328651428222656 | 929963.9395395835
3.8000000000000003 | 61 | 0 | 13.328651428222656 | 929963.9562015418
3.8000000000000003 | 61 | 0 | 13.328651428222656 | 929963.9728635002
3.8000000000000003 | 61 | 0 | 13.328651428222656 | 929963.9895254585
3.8000000000000003 | 61 | 0 | 13.328651428222656 | 929964.0061874168
3.8000000000000003 | 61 | 0 | 13.328651428222656 | 929964.0228493751
3.8000000000000003 | 61 | 0 | 13.328651428222656 | 929964.0395113336
3.8000000000000003 | 61 | 0 | 13.328651428222656 | 929964.0561732919
3.8000000000000003 | 61 | 0 | 13.328651428222656 | 929964.0728352502
3.3 | 61 | 0 | 13.328651428222656 | 929964.0894972086
3.3 | 61 | 0 | 13.328651428222656 | 929964.1061591669
3.3 | 61 | 0 | 13.328651428222656 | 929964.1228211252
3.3 | 61 | 0 | 13.328651428222656 | 929964.1394830835
3.3 | 61 | 0 | 13.328651428222656 | 929964.1561450419
3.3 | 61 | 0 | 13.328651428222656 | 929964.1728070002
3.3 | 61 | 0 | 13.328651428222656 | 929964.1894689585
2.6 | 61 | 0 | 13.328651428222656 | 929964.2061309168
2.6 | 61 | 0 | 13.328651428222656 | 929964.2227928753
2.6 | 61 | 0 | 13.328651428222656 | 929964.2394548336
2.6 | 61 | 0 | 13.328651428222656 | 929964.2561167919
2.6 | 61 | 0 | 13.328651428222656 | 929964.2727787502
2.6 | 61 | 0 | 13.328651428222656 | 929964.2894407086
2.6 | 61 | 0 | 13.328651428222656 | 929964.3061026669
2.6 | 61 | 0 | 13.328651428222656 | 929964.3227646252
2.3 | 61 | 0 | 13.328651428222656 | 929964.3394265835
2.3 | 61 | 0 | 13.328651428222656 | 929964.3560885419
2.3 | 61 | 0 | 13.328651428222656 | 929964.3727505002
2.3 | 61 | 0 | 13.328651428222656 | 929964.3894124585
2.3 | 61 | 0 | 13.328651428222656 | 929964.4060744168
2.3 | 61 | 0 | 13.328651428222656 | 929964.4227363752
2.3 | 61 | 0 | 13.328651428222656 | 929964.4393983335
2.3 | 61 | 0 | 13.328651428222656 | 929964.4560602919
2.3000000000000003 | 61 | 0 | 13.328651428222656 | 929964.4727222502
2.3000000000000003 | 61 | 0 | 13.328651428222656 | 929964.4893842086
2.3000000000000003 | 61 | 0 | 13.328651428222656 | 929964.5060461669
2.3000000000000003 | 61 | 0 | 13.328651428222656 | 929964.5227081252
2.3000000000000003 | 61 | 0 | 13.328651428222656 | 929964.5393700835
2.3000000000000003 | 61 | 0 | 13.328651428222656 | 929964.5560320419
2.3000000000000003 | 61 | 0 | 13.328651428222656 | 929964.5726940002
2.2 | 61 | 0 | 13.328651428222656 | 929964.5893559585
2.2 | 61 | 0 | 13.328651428222656 | 929964.6060179168
2.2 | 61 | 0 | 13.328651428222656 | 929964.6226798752
2.2 | 61 | 0 | 13.328651428222656 | 929964.6393418335
2.2 | 61 | 0 | 13.328651428222656 | 929964.6560037918
2.2 | 61 | 0 | 13.328651428222656 | 929964.6726657503
2.2 | 61 | 0 | 13.328651428222656 | 929964.6893277086
2.2 | 61 | 0 | 13.328651428222656 | 929964.7059896669
2.0 | 61 | 0 | 13.328651428222656 | 929964.7226516252
2.0 | 61 | 0 | 13.328651428222656 | 929964.7393135836
2.0 | 61 | 0 | 13.328651428222656 | 929964.7559755419
2.0 | 61 | 0 | 13.328651428222656 | 929964.7726375002
2.0 | 61 | 0 | 13.328651428222656 | 929964.7892994585
2.0 | 61 | 0 | 13.328651428222656 | 929964.8059614169
2.0 | 61 | 0 | 13.328651428222656 | 929964.8226233752
2.0 | 61 | 0 | 13.328651428222656 | 929964.8392853335
2.0 | 61 | 0 | 13.328651428222656 | 929964.8559472918
2.0 | 61 | 0 | 13.328651428222656 | 929964.8726092502
2.0 | 61 | 0 | 13.328651428222656 | 929964.8892712086
2.0 | 61 | 0 | 13.328651428222656 | 929964.9059331669
2.0 | 61 | 0 | 13.328651428222656 | 929964.9225951252
2.0 | 61 | 0 | 13.328651428222656 | 929964.9392570836
2.0 | 61 | 0 | 13.328651428222656 | 929964.9559190419
2.0 | 61 | 0 | 13.328651428222656 | 929964.9725810002
2.0 | 61 | 0 | 13.328651428222656 | 929964.9892429585
2.0 | 61 | 0 | 13.328651428222656 | 929965.0059049169
2.0 | 61 | 0 | 13.328651428222656 | 929965.0225668752
2.0 | 61 | 0 | 13.328651428222656 | 929965.0392288335
2.0 | 61 | 0 | 13.328651428222656 | 929965.0558907918
2.0 | 61 | 0 | 13.328651428222656 | 929965.0725527502
2.0 | 61 | 0 | 13.328651428222656 | 929965.0892147085
2.0 | 61 | 0 | 13.297401428222656 | 929965.1058766668
2.0 | 61 | 0 | 13.297401428222656 | 929965.1225386251
2.0 | 61 | 0 | 13.297401428222656 | 929965.1392005836
2.0 | 61 | 0 | 13.297401428222656 | 929965.1558625419
2.0 | 61 | 0 | 13.297401428222656 | 929965.1725245002
2.0 | 61 | 0 | 13.297401428222656 | 929965.1891864586
2.0 | 61 | 0 | 13.297401428222656 | 929965.2058484169
1.9 | 61 | 0 | 13.297401428222656 | 929965.2225103752
1.9 | 61 | 0 | 13.297401428222656 | 929965.2391723335
1.9 | 61 | 0 | 13.297401428222656 | 929965.2558342919
1.9 | 61 | 0 | 13.297401428222656 | 929965.2724962502
1.9 | 61 | 0 | 13.297401428222656 | 929965.2891582085
1.9 | 61 | 0 | 13.297401428222656 | 929965.3058201668
1.9 | 61 | 0 | 13.297401428222656 | 929965.3224821253
1.9 | 61 | 0 | 13.297401428222656 | 929965.3391440836
1.9 | 61 | 0 | 13.297401428222656 | 929965.3558060419
1.9 | 61 | 0 | 13.297401428222656 | 929965.3724680002
1.9 | 61 | 0 | 13.297401428222656 | 929965.3891299586
1.9 | 61 | 0 | 13.297401428222656 | 929965.4057919169
1.9 | 61 | 0 | 13.297401428222656 | 929965.4224538752
1.9 | 61 | 0 | 13.297401428222656 | 929965.4391158335
1.9 | 61 | 0 | 13.297401428222656 | 929965.4557777919
1.8000000000000003 | 61 | 0 | 13.297401428222656 | 929965.4724397502
1.8000000000000003 | 61 | 0 | 13.297401428222656 | 929965.4891017085
1.8000000000000003 | 61 | 0 | 13.297401428222656 | 929965.5057636668
1.8000000000000003 | 61 | 0 | 13.297401428222656 | 929965.5224256252
1.8000000000000003 | 61 | 0 | 13.297401428222656 | 929965.5390875835
1.8000000000000003 | 61 | 0 | 13.297401428222656 | 929965.5557495418
1.8000000000000003 | 61 | 0 | 13.297401428222656 | 929965.5724115002
1.8000000000000003 | 61 | 0 | 13.297401428222656 | 929965.5890734586
2.0 | 61 | 0 | 13.297401428222656 | 929965.6057354169
2.0 | 61 | 0 | 13.297401428222656 | 929965.6223973752
2.0 | 61 | 0 | 13.297401428222656 | 929965.6390593335
2.0 | 61 | 0 | 13.297401428222656 | 929965.6557212919
2.0 | 61 | 0 | 13.297401428222656 | 929965.6723832502
2.0 | 61 | 0 | 13.297401428222656 | 929965.6890452085
2.0 | 61 | 0 | 13.297401428222656 | 929965.7057071669
1.9 | 61 | 0 | 13.219276428222656 | 929965.7223691252
1.9 | 61 | 0 | 13.219276428222656 | 929965.7390310835
1.9 | 61 | 0 | 13.219276428222656 | 929965.7556930418
1.9 | 61 | 0 | 13.219276428222656 | 929965.7723550003
1.9 | 61 | 0 | 13.219276428222656 | 929965.7890169586
1.9 | 61 | 0 | 13.219276428222656 | 929965.8056789169
1.9 | 61 | 0 | 13.219276428222656 | 929965.8223408752
1.9 | 61 | 0 | 13.219276428222656 | 929965.8390028336
1.7999999999999998 | 61 | 0 | 13.219276428222656 | 929965.8556647919
1.7999999999999998 | 61 | 0 | 13.219276428222656 | 929965.8723267502
1.7999999999999998 | 61 | 0 | 13.156776428222656 | 929965.8889887085
1.7999999999999998 | 61 | 0 | 13.156776428222656 | 929965.9056506669
1.7999999999999998 | 61 | 0 | 13.156776428222656 | 929965.9223126252
1.7999999999999998 | 61 | 0 | 13.156776428222656 | 929965.9389745835
1.7999999999999998 | 61 | 0 | 13.156776428222656 | 929965.9556365418
1.7999999999999998 | 61 | 0 | 13.156776428222656 | 929965.9722985002
1.9 | 61 | 0 | 13.156776428222656 | 929965.9889604585
1.9 | 61 | 0 | 13.156776428222656 | 929966.0056224169
1.9 | 61 | 0 | 13.156776428222656 | 929966.0222843752
1.9 | 61 | 0 | 13.156776428222656 | 929966.0389463336
1.9 | 61 | 0 | 13.156776428222656 | 929966.0556082919
1.9 | 61 | 0 | 13.156776428222656 | 929966.0722702502
1.9 | 61 | 0 | 13.156776428222656 | 929966.0889322085
1.7999999999999998 | 61 | 0 | 13.156776428222656 | 929966.1055941669
1.7999999999999998 | 61 | 0 | 13.109901428222656 | 929966.1222561252
1.7999999999999998 | 61 | 0 | 13.109901428222656 | 929966.1389180835
1.7999999999999998 | 61 | 0 | 13.109901428222656 | 929966.1555800418
1.7999999999999998 | 61 | 0 | 13.109901428222656 | 929966.1722420002
1.7999999999999998 | 61 | 0 | 13.109901428222656 | 929966.1889039585
1.7999999999999998 | 61 | 0 | 13.109901428222656 | 929966.2055659168
1.7999999999999998 | 61 | 0 | 13.109901428222656 | 929966.2222278753
1.7999999999999998 | 61 | 0 | 13.109901428222656 | 929966.2388898336
1.7999999999999998 | 61 | 0 | 13.109901428222656 | 929966.2555517919
1.7999999999999998 | 61 | 0 | 13.109901428222656 | 929966.2722137502
1.7999999999999998 | 61 | 0 | 13.109901428222656 | 929966.2888757086
1.7999999999999998 | 61 | 0 | 13.109901428222656 | 929966.3055376669
1.7999999999999998 | 61 | 0 | 13.109901428222656 | 929966.3221996252
1.7999999999999998 | 61 | 0 | 13.109901428222656 | 929966.3388615835
1.7999999999999998 | 61 | 0 | 13.109901428222656 | 929966.3555235419
1.7999999999999998 | 61 | 0 | 13.109901428222656 | 929966.3721855002
1.7999999999999998 | 61 | 0 | 13.109901428222656 | 929966.3888474585
1.7999999999999998 | 61 | 0 | 13.109901428222656 | 929966.4055094168
1.7999999999999998 | 61 | 0 | 13.109901428222656 | 929966.4221713752
1.7999999999999998 | 61 | 0 | 13.109901428222656 | 929966.4388333336
1.7999999999999998 | 61 | 0 | 13.109901428222656 | 929966.4554952919
1.7999999999999998 | 61 | 0 | 13.109901428222656 | 929966.4697293752
1.7999999999999998 | 61 | 0 | 13.109901428222656 | 929966.4863782085
1.8000000000000003 | 61 | 0 | 13.109901428222656 | 929966.5030270419
1.8000000000000003 | 61 | 0 | 13.109901428222656 | 929966.5196758752
1.8000000000000003 | 61 | 0 | 13.109901428222656 | 929966.5363247085
1.8000000000000003 | 61 | 0 | 13.109901428222656 | 929966.5529735419
1.8000000000000003 | 61 | 0 | 13.109901428222656 | 929966.5696223752
1.8000000000000003 | 61 | 0 | 13.109901428222656 | 929966.5862712086
1.8000000000000003 | 61 | 0 | 13.109901428222656 | 929966.6029200419
1.9 | 61 | 0 | 13.109901428222656 | 929966.6195688752
1.9 | 61 | 0 | 13.109901428222656 | 929966.6362177086
1.9 | 61 | 0 | 13.109901428222656 | 929966.6528665419
1.9 | 61 | 0 | 13.109901428222656 | 929966.6696712502
1.9 | 61 | 0 | 13.109901428222656 | 929966.6863312086
1.9 | 61 | 0 | 13.109901428222656 | 929966.7029911669
1.9 | 61 | 0 | 13.109901428222656 | 929966.7196511253
1.9 | 61 | 0 | 13.109901428222656 | 929966.7363110835
2.0 | 61 | 0 | 13.109901428222656 | 929966.7529710418
2.0 | 61 | 0 | 13.109901428222656 | 929966.7696310002
2.0 | 61 | 0 | 13.109901428222656 | 929966.7862909585
2.0 | 61 | 0 | 13.109901428222656 | 929966.8029509169
2.0 | 61 | 0 | 13.109901428222656 | 929966.8196108752
2.0 | 61 | 0 | 13.109901428222656 | 929966.8362708335
2.0 | 61 | 0 | 13.109901428222656 | 929966.8529307919
2.0 | 61 | 0 | 13.109901428222656 | 929966.8695907502
2.1 | 61 | 0 | 13.109901428222656 | 929966.8862507085
2.1 | 61 | 0 | 13.109901428222656 | 929966.9029106669
2.1 | 61 | 0 | 13.109901428222656 | 929966.9195706252
2.1 | 61 | 0 | 13.109901428222656 | 929966.9362305836
2.1 | 61 | 0 | 13.109901428222656 | 929966.9528905419
2.1 | 61 | 0 | 13.109901428222656 | 929966.9695505002
2.1 | 61 | 0 | 13.109901428222656 | 929966.9862104586
2.0 | 61 | 0 | 13.109901428222656 | 929967.0028704169
2.0 | 61 | 0 | 13.109901428222656 | 929967.0195303753
2.0 | 61 | 0 | 13.109901428222656 | 929967.0361903335
2.0 | 61 | 0 | 13.109901428222656 | 929967.0528502918
2.0 | 61 | 0 | 13.109901428222656 | 929967.0695102502
2.0 | 61 | 0 | 13.109901428222656 | 929967.0861702085
2.0 | 61 | 0 | 13.109901428222656 | 929967.1028301669
2.0 | 61 | 0 | 13.109901428222656 | 929967.1194901252
2.0 | 61 | 0 | 13.109901428222656 | 929967.1361500835
2.0 | 61 | 0 | 13.109901428222656 | 929967.1528100419
2.0 | 61 | 0 | 13.109901428222656 | 929967.1694700002
2.0 | 61 | 0 | 13.109901428222656 | 929967.1861299585
2.0 | 61 | 0 | 13.109901428222656 | 929967.2027899169
2.0 | 61 | 0 | 13.109901428222656 | 929967.2194498752
2.0 | 61 | 0 | 13.109901428222656 | 929967.2361098336
2.0 | 61 | 0 | 13.109901428222656 | 929967.2527697919
2.0 | 61 | 0 | 13.109901428222656 | 929967.2694297502
2.0 | 61 | 0 | 13.109901428222656 | 929967.2860897086
2.0 | 61 | 0 | 13.109901428222656 | 929967.3027496669
2.0 | 61 | 0 | 13.109901428222656 | 929967.3194096253
2.0 | 61 | 0 | 13.109901428222656 | 929967.3360695835
2.0 | 61 | 0 | 13.109901428222656 | 929967.3527295418
2.0 | 61 | 0 | 13.109901428222656 | 929967.3693895002
1.9 | 61 | 0 | 13.109901428222656 | 929967.3860494585
1.9 | 61 | 0 | 13.109901428222656 | 929967.4027094169
1.9 | 61 | 0 | 13.109901428222656 | 929967.4193693752
1.9 | 61 | 0 | 13.109901428222656 | 929967.4360293335
1.9 | 61 | 0 | 13.109901428222656 | 929967.4526892919
1.9 | 61 | 0 | 13.109901428222656 | 929967.4693492502
1.9 | 61 | 0 | 13.109901428222656 | 929967.4860092085
1.9 | 61 | 0 | 13.109901428222656 | 929967.5026691669
1.9 | 61 | 0 | 13.109901428222656 | 929967.5193291252
1.9 | 61 | 0 | 13.109901428222656 | 929967.5359890836
1.9 | 61 | 0 | 13.109901428222656 | 929967.5526490419
1.9 | 61 | 0 | 13.109901428222656 | 929967.5693090002
1.9 | 61 | 0 | 13.109901428222656 | 929967.5859689586
1.9 | 61 | 0 | 13.109901428222656 | 929967.6026289169
1.9 | 61 | 0 | 13.109901428222656 | 929967.6192888753
1.9 | 61 | 0 | 13.109901428222656 | 929967.6359488335
1.9 | 61 | 0 | 13.109901428222656 | 929967.6526087918
1.9 | 61 | 0 | 13.109901428222656 | 929967.6692687502
1.9 | 61 | 0 | 13.109901428222656 | 929967.6859287085
1.9 | 61 | 0 | 13.109901428222656 | 929967.7025886669
1.9 | 61 | 0 | 13.109901428222656 | 929967.7192486252
1.9 | 61 | 0 | 13.109901428222656 | 929967.7359085835
1.9 | 61 | 0 | 13.109901428222656 | 929967.7525685419
1.9 | 61 | 0 | 13.109901428222656 | 929967.7692285002
1.9 | 61 | 0 | 13.109901428222656 | 929967.7858884585
1.9 | 61 | 0 | 13.109901428222656 | 929967.8025484169
1.9 | 61 | 0 | 13.109901428222656 | 929967.8192083752
1.9 | 61 | 0 | 13.109901428222656 | 929967.8358683336
1.9 | 61 | 0 | 13.109901428222656 | 929967.8525282919
1.9 | 61 | 0 | 13.109901428222656 | 929967.8691882502
1.9 | 61 | 0 | 13.109901428222656 | 929967.8858482086
1.7999999999999998 | 61 | 0 | 13.031776428222656 | 929967.9025081669
1.7999999999999998 | 61 | 0 | 13.031776428222656 | 929967.9191681253
1.7999999999999998 | 61 | 0 | 13.031776428222656 | 929967.9358280835
1.7999999999999998 | 61 | 0 | 13.031776428222656 | 929967.9524880418
1.7999999999999998 | 61 | 0 | 13.031776428222656 | 929967.9691480002
1.7999999999999998 | 61 | 0 | 13.031776428222656 | 929967.9858079585
1.7999999999999998 | 61 | 0 | 13.031776428222656 | 929968.0024679168
1.7999999999999998 | 61 | 0 | 13.031776428222656 | 929968.0191278752
1.7999999999999998 | 61 | 0 | 13.031776428222656 | 929968.0357878335
1.7999999999999998 | 61 | 0 | 13.031776428222656 | 929968.0524477919
1.7999999999999998 | 61 | 0 | 13.031776428222656 | 929968.0691077502
1.7999999999999998 | 61 | 0 | 13.031776428222656 | 929968.0857677085
1.7999999999999998 | 61 | 0 | 13.031776428222656 | 929968.1024276669
1.7999999999999998 | 61 | 0 | 13.031776428222656 | 929968.1190876252
1.7999999999999998 | 61 | 0 | 13.031776428222656 | 929968.1357475836
1.7000000000000002 | 61 | 0 | 13.031776428222656 | 929968.1524075419
1.7000000000000002 | 61 | 0 | 13.031776428222656 | 929968.1690675002
1.7000000000000002 | 61 | 0 | 13.031776428222656 | 929968.1857274586
1.7000000000000002 | 61 | 0 | 13.031776428222656 | 929968.2023874169
--- NEW ITERATION ---

CPU | FPS | Dropped | Memory (MB) | Timestamp
---
0.4 | 1 | 0 | 13.48492431640625 | 930049.4560179586
22.5 | 2 | 0 | 13.53179931640625 | 930049.4726775419
22.5 | 3 | 0 | 13.53179931640625 | 930049.4880537086
22.5 | 4 | 0 | 13.53179931640625 | 930049.5046997502
22.5 | 5 | 0 | 13.53179931640625 | 930049.5213457919
22.5 | 6 | 0 | 13.54742431640625 | 930049.5379918335
22.5 | 7 | 0 | 13.54742431640625 | 930049.5546378752
22.5 | 8 | 0 | 13.54742431640625 | 930049.5712839168
22.5 | 9 | 0 | 13.54742431640625 | 930049.5879299586
36.39999999999999 | 10 | 0 | 13.54742431640625 | 930049.6045760002
36.39999999999999 | 11 | 0 | 13.54742431640625 | 930049.6212220419
36.39999999999999 | 12 | 0 | 13.54742431640625 | 930049.6380448336
36.39999999999999 | 13 | 0 | 13.54742431640625 | 930049.6547065002
36.39999999999999 | 14 | 0 | 13.54742431640625 | 930049.6713681669
36.39999999999999 | 15 | 0 | 13.54742431640625 | 930049.6880298335
36.39999999999999 | 16 | 0 | 13.54742431640625 | 930049.7046915002
36.39999999999999 | 17 | 0 | 13.54742431640625 | 930049.7213531669
24.1 | 18 | 0 | 13.54742431640625 | 930049.7380148335
24.1 | 19 | 0 | 13.54742431640625 | 930049.7546765002
24.1 | 20 | 0 | 13.54742431640625 | 930049.7713381669
24.1 | 21 | 0 | 13.54742431640625 | 930049.7879998336
24.1 | 22 | 0 | 13.54742431640625 | 930049.8046615002
24.1 | 23 | 0 | 13.54742431640625 | 930049.8213231668
24.1 | 24 | 0 | 13.54742431640625 | 930049.8379848335
24.1 | 25 | 0 | 13.54742431640625 | 930049.8546465002
18.099999999999998 | 26 | 0 | 13.54742431640625 | 930049.8713081669
18.099999999999998 | 27 | 0 | 13.54742431640625 | 930049.8879698336
18.099999999999998 | 28 | 0 | 13.54742431640625 | 930049.9046315002
18.099999999999998 | 29 | 0 | 13.54742431640625 | 930049.9212931668
18.099999999999998 | 30 | 0 | 13.54742431640625 | 930049.9379548335
18.099999999999998 | 31 | 0 | 13.54742431640625 | 930049.9546165002
18.099999999999998 | 32 | 0 | 13.54742431640625 | 930049.9712781669
13.8 | 33 | 0 | 13.54742431640625 | 930049.9879398335
13.8 | 34 | 0 | 13.54742431640625 | 930050.0046015002
13.8 | 35 | 0 | 13.54742431640625 | 930050.0212631669
13.8 | 36 | 0 | 13.54742431640625 | 930050.0379248335
13.8 | 37 | 0 | 13.54742431640625 | 930050.0545865002
13.8 | 38 | 0 | 13.54742431640625 | 930050.0712481668
13.8 | 39 | 0 | 13.56304931640625 | 930050.0879098335
13.8 | 40 | 0 | 13.56304931640625 | 930050.1045715002
9.500000000000002 | 41 | 0 | 13.56304931640625 | 930050.1212331669
9.500000000000002 | 42 | 0 | 13.56304931640625 | 930050.1378948336
9.500000000000002 | 43 | 0 | 13.56304931640625 | 930050.1545565003
9.500000000000002 | 44 | 0 | 13.56304931640625 | 930050.1712181668
9.3 | 45 | 0 | 13.48492431640625 | 930050.1878798335
9.3 | 46 | 0 | 13.48492431640625 | 930050.2045415002
9.3 | 47 | 0 | 13.48492431640625 | 930050.2212031669
6.6 | 48 | 0 | 13.48492431640625 | 930050.2378648336
6.6 | 49 | 0 | 13.48492431640625 | 930050.2545265002
6.6 | 50 | 0 | 13.48492431640625 | 930050.2711881669
6.6 | 51 | 0 | 13.48492431640625 | 930050.2878498335
6.6 | 52 | 0 | 13.48492431640625 | 930050.3045115002
6.6 | 53 | 0 | 13.48492431640625 | 930050.3211731669
6.6 | 54 | 0 | 13.43804931640625 | 930050.3378348335
6.6 | 55 | 0 | 13.43804931640625 | 930050.3544965002
4.7 | 56 | 0 | 13.43804931640625 | 930050.3711581669
4.7 | 57 | 0 | 13.43804931640625 | 930050.3878198336
4.7 | 58 | 0 | 13.43804931640625 | 930050.4044815002
4.7 | 59 | 0 | 13.43804931640625 | 930050.4211431668
4.7 | 60 | 0 | 13.43804931640625 | 930050.4378048335
4.7 | 61 | 0 | 13.43804931640625 | 930050.4544665002
4.7 | 61 | 0 | 13.43804931640625 | 930050.4711281669
3.7 | 61 | 0 | 13.40679931640625 | 930050.4877898336
3.7 | 61 | 0 | 13.40679931640625 | 930050.5044515003
3.7 | 61 | 0 | 13.40679931640625 | 930050.5211131668
3.7 | 61 | 0 | 13.40679931640625 | 930050.5377748335
3.7 | 61 | 0 | 13.40679931640625 | 930050.5544365002
3.7 | 61 | 0 | 13.40679931640625 | 930050.5710981669
3.7 | 61 | 0 | 13.40679931640625 | 930050.5877598336
3.7 | 61 | 0 | 13.40679931640625 | 930050.6044215002
3.1 | 61 | 0 | 13.40679931640625 | 930050.6210831669
3.1 | 61 | 0 | 13.40679931640625 | 930050.6377448335
3.1 | 61 | 0 | 13.40679931640625 | 930050.6544065002
3.1 | 61 | 0 | 13.40679931640625 | 930050.6710681668
3.1 | 61 | 0 | 13.40679931640625 | 930050.6877298335
3.1 | 61 | 0 | 13.40679931640625 | 930050.7043915002
3.1 | 61 | 0 | 13.40679931640625 | 930050.7210531669
3.1 | 61 | 0 | 13.40679931640625 | 930050.7377148336
2.6999999999999997 | 61 | 0 | 13.39117431640625 | 930050.7543765001
2.6999999999999997 | 61 | 0 | 13.39117431640625 | 930050.7710381668
2.6999999999999997 | 61 | 0 | 13.39117431640625 | 930050.7876998335
2.6999999999999997 | 61 | 0 | 13.39117431640625 | 930050.8043615002
2.6999999999999997 | 61 | 0 | 13.39117431640625 | 930050.8210231669
2.6999999999999997 | 61 | 0 | 13.39117431640625 | 930050.8376848336
2.6999999999999997 | 61 | 0 | 13.39117431640625 | 930050.8543465002
2.6999999999999997 | 61 | 0 | 13.39117431640625 | 930050.8710081669
2.4000000000000004 | 61 | 0 | 13.39117431640625 | 930050.8876698335
2.4000000000000004 | 61 | 0 | 13.39117431640625 | 930050.9043315002
2.4000000000000004 | 61 | 0 | 13.39117431640625 | 930050.9209931669
2.4000000000000004 | 61 | 0 | 13.39117431640625 | 930050.9376548335
2.4000000000000004 | 61 | 0 | 13.39117431640625 | 930050.9543165002
2.4000000000000004 | 61 | 0 | 13.39117431640625 | 930050.9709781669
2.4000000000000004 | 61 | 0 | 13.39117431640625 | 930050.9876398336
2.4000000000000004 | 61 | 0 | 13.39117431640625 | 930051.0043015002
2.4 | 61 | 0 | 13.39117431640625 | 930051.0209631668
2.4 | 61 | 0 | 13.39117431640625 | 930051.0376248335
2.4 | 61 | 0 | 13.39117431640625 | 930051.0542865002
2.4 | 61 | 0 | 13.39117431640625 | 930051.0709481669
2.4 | 61 | 0 | 13.39117431640625 | 930051.0876098336
2.4 | 61 | 0 | 13.39117431640625 | 930051.1042715003
2.4 | 61 | 0 | 13.39117431640625 | 930051.1209331668
2.2 | 61 | 0 | 13.39117431640625 | 930051.1375948335
2.2 | 61 | 0 | 13.39117431640625 | 930051.1542565002
2.2 | 61 | 0 | 13.39117431640625 | 930051.1709181669
2.2 | 61 | 0 | 13.39117431640625 | 930051.1875798336
2.2 | 61 | 0 | 13.39117431640625 | 930051.2042415002
2.2 | 61 | 0 | 13.39117431640625 | 930051.2209031669
2.2 | 61 | 0 | 13.39117431640625 | 930051.2375648335
2.2 | 61 | 0 | 13.39117431640625 | 930051.2542265002
2.1 | 61 | 0 | 13.39117431640625 | 930051.2708881669
2.1 | 61 | 0 | 13.39117431640625 | 930051.2875498335
2.1 | 61 | 0 | 13.39117431640625 | 930051.3042115002
2.1 | 61 | 0 | 13.39117431640625 | 930051.3208731669
2.1 | 61 | 0 | 13.39117431640625 | 930051.3375348336
2.1 | 61 | 0 | 13.39117431640625 | 930051.3541965001
2.1 | 61 | 0 | 13.39117431640625 | 930051.3708581668
2.1 | 61 | 0 | 13.39117431640625 | 930051.3875198335
2.1 | 61 | 0 | 13.39117431640625 | 930051.4041815002
2.1 | 61 | 0 | 13.39117431640625 | 930051.4208431669
2.1 | 61 | 0 | 13.39117431640625 | 930051.4375048336
2.1 | 61 | 0 | 13.39117431640625 | 930051.4541665002
2.1 | 61 | 0 | 13.39117431640625 | 930051.4708281668
2.1 | 61 | 0 | 13.39117431640625 | 930051.4874898335
2.1 | 61 | 0 | 13.39117431640625 | 930051.5041515002
2.1 | 61 | 0 | 13.39117431640625 | 930051.5208131669
2.1 | 61 | 0 | 13.39117431640625 | 930051.5374748335
2.1 | 61 | 0 | 13.39117431640625 | 930051.5541365002
2.1 | 61 | 0 | 13.39117431640625 | 930051.5707981669
2.1 | 61 | 0 | 13.39117431640625 | 930051.5874598336
2.1 | 61 | 0 | 13.39117431640625 | 930051.6041215002
2.1 | 61 | 0 | 13.39117431640625 | 930051.6207831668
2.2 | 61 | 0 | 13.39117431640625 | 930051.6374448335
2.2 | 61 | 0 | 13.39117431640625 | 930051.6541065002
2.2 | 61 | 0 | 13.35992431640625 | 930051.6707681669
2.2 | 61 | 0 | 13.35992431640625 | 930051.6874298336
2.2 | 61 | 0 | 13.35992431640625 | 930051.7040915003
2.2 | 61 | 0 | 13.35992431640625 | 930051.7207531668
2.2 | 61 | 0 | 13.35992431640625 | 930051.7374148335
2.2 | 61 | 0 | 13.35992431640625 | 930051.7540765002
2.3 | 61 | 0 | 13.35992431640625 | 930051.7707381669
2.3 | 61 | 0 | 13.35992431640625 | 930051.7873998336
2.3 | 61 | 0 | 13.35992431640625 | 930051.8040615002
2.3 | 61 | 0 | 13.35992431640625 | 930051.8207231669
2.3 | 61 | 0 | 13.35992431640625 | 930051.8373848335
2.3 | 61 | 0 | 13.35992431640625 | 930051.8540465002
2.3 | 61 | 0 | 13.35992431640625 | 930051.8707081669
2.3 | 61 | 0 | 13.35992431640625 | 930051.8873698335
2.3 | 61 | 0 | 13.35992431640625 | 930051.9040315002
2.3 | 61 | 0 | 13.35992431640625 | 930051.9206931669
2.3 | 61 | 0 | 13.35992431640625 | 930051.9373548336
2.3 | 61 | 0 | 13.35992431640625 | 930051.9540165002
2.3 | 61 | 0 | 13.35992431640625 | 930051.9706781668
2.3 | 61 | 0 | 13.35992431640625 | 930051.9873398335
2.3 | 61 | 0 | 13.35992431640625 | 930052.0040015002
2.3 | 61 | 0 | 13.35992431640625 | 930052.0206631669
2.3 | 61 | 0 | 13.35992431640625 | 930052.0373248336
2.3 | 61 | 0 | 13.35992431640625 | 930052.0539865003
2.3 | 61 | 0 | 13.35992431640625 | 930052.0706481668
2.3 | 61 | 0 | 13.35992431640625 | 930052.0873098335
2.3 | 61 | 0 | 13.35992431640625 | 930052.1039715002
2.3 | 61 | 0 | 13.35992431640625 | 930052.1206331669
2.3 | 61 | 0 | 13.35992431640625 | 930052.1372948335
2.4 | 61 | 0 | 13.35992431640625 | 930052.1539565002
2.4 | 61 | 0 | 13.35992431640625 | 930052.1706181669
2.4 | 61 | 0 | 13.35992431640625 | 930052.1872798335
2.4 | 61 | 0 | 13.35992431640625 | 930052.2039415002
2.3 | 61 | 0 | 13.26617431640625 | 930052.2206031668
2.3 | 61 | 0 | 13.26617431640625 | 930052.2372648335
2.3 | 61 | 0 | 13.26617431640625 | 930052.2539265002
2.1999999999999997 | 61 | 0 | 13.26617431640625 | 930052.2705881669
2.1999999999999997 | 61 | 0 | 13.26617431640625 | 930052.2872498336
2.1999999999999997 | 61 | 0 | 13.26617431640625 | 930052.3039115003
2.1999999999999997 | 61 | 0 | 13.26617431640625 | 930052.3205731668
2.1999999999999997 | 61 | 0 | 13.26617431640625 | 930052.3372348335
2.1999999999999997 | 61 | 0 | 13.21929931640625 | 930052.3538965002
2.1999999999999997 | 61 | 0 | 13.21929931640625 | 930052.3705581669
2.1999999999999997 | 61 | 0 | 13.21929931640625 | 930052.3872198336
2.1999999999999997 | 61 | 0 | 13.21929931640625 | 930052.4038815002
2.1999999999999997 | 61 | 0 | 13.21929931640625 | 930052.4205431669
2.1999999999999997 | 61 | 0 | 13.21929931640625 | 930052.4372048335
2.1999999999999997 | 61 | 0 | 13.15679931640625 | 930052.4538665002
2.1999999999999997 | 61 | 0 | 13.15679931640625 | 930052.4705281669
2.1999999999999997 | 61 | 0 | 13.15679931640625 | 930052.4871898335
2.1999999999999997 | 61 | 0 | 13.15679931640625 | 930052.5038515002
2.1 | 61 | 0 | 13.15679931640625 | 930052.5205131669
2.1 | 61 | 0 | 13.15679931640625 | 930052.5371748336
2.1 | 61 | 0 | 13.15679931640625 | 930052.5538365002
2.1 | 61 | 0 | 13.15679931640625 | 930052.5704981668
2.1 | 61 | 0 | 13.15679931640625 | 930052.5871598335
2.1 | 61 | 0 | 13.10992431640625 | 930052.6038215002
2.1 | 61 | 0 | 13.10992431640625 | 930052.6204831669
2.1 | 61 | 0 | 13.10992431640625 | 930052.6371448336
2.1 | 61 | 0 | 13.10992431640625 | 930052.6538065003
2.1 | 61 | 0 | 13.10992431640625 | 930052.6704681668
2.1 | 61 | 0 | 13.10992431640625 | 930052.6871298335
2.1 | 61 | 0 | 13.10992431640625 | 930052.7037915002
2.1 | 61 | 0 | 13.10992431640625 | 930052.7204531669
2.1 | 61 | 0 | 13.10992431640625 | 930052.7371148336
2.1 | 61 | 0 | 13.10992431640625 | 930052.7537765002
2.0 | 61 | 0 | 13.10992431640625 | 930052.7704381669
2.0 | 61 | 0 | 13.10992431640625 | 930052.7870998335
2.0 | 61 | 0 | 13.10992431640625 | 930052.8037615002
2.0 | 61 | 0 | 13.10992431640625 | 930052.8204231668
2.0 | 61 | 0 | 13.10992431640625 | 930052.8370848335
2.0 | 61 | 0 | 13.10992431640625 | 930052.8537465002
2.0 | 61 | 0 | 13.10992431640625 | 930052.8704081669
2.0 | 61 | 0 | 13.10992431640625 | 930052.8870698336
1.9 | 61 | 0 | 13.10992431640625 | 930052.9037315001
1.9 | 61 | 0 | 13.10992431640625 | 930052.9203931668
1.9 | 61 | 0 | 13.10992431640625 | 930052.9370548335
1.9 | 61 | 0 | 13.10992431640625 | 930052.9537165002
1.9 | 61 | 0 | 13.10992431640625 | 930052.9703781669
1.9 | 61 | 0 | 13.10992431640625 | 930052.9870398336
1.9 | 61 | 0 | 13.10992431640625 | 930053.0037015002
1.9 | 61 | 0 | 13.10992431640625 | 930053.0203631669
2.0 | 61 | 0 | 13.10992431640625 | 930053.0370248335
2.0 | 61 | 0 | 13.10992431640625 | 930053.0536865002
2.0 | 61 | 0 | 13.10992431640625 | 930053.0703481669
2.0 | 61 | 0 | 13.10992431640625 | 930053.0870098335
2.0 | 61 | 0 | 13.10992431640625 | 930053.1036715002
2.0 | 61 | 0 | 13.10992431640625 | 930053.1203331669
2.0 | 61 | 0 | 13.10992431640625 | 930053.1369948336
2.0 | 61 | 0 | 13.10992431640625 | 930053.1536565002
2.0 | 61 | 0 | 13.10992431640625 | 930053.1703181668
2.0 | 61 | 0 | 13.10992431640625 | 930053.1869798335
2.0 | 61 | 0 | 13.10992431640625 | 930053.2036415002
2.0 | 61 | 0 | 13.10992431640625 | 930053.2203031669
2.0 | 61 | 0 | 13.10992431640625 | 930053.2369648336
2.0 | 61 | 0 | 13.10992431640625 | 930053.2536265003
2.0 | 61 | 0 | 13.10992431640625 | 930053.2702881668
1.9 | 61 | 0 | 13.10992431640625 | 930053.2869498335
1.9 | 61 | 0 | 13.10992431640625 | 930053.3036115002
1.9 | 61 | 0 | 13.10992431640625 | 930053.3202731669
1.9 | 61 | 0 | 13.10992431640625 | 930053.3369348336
1.9 | 61 | 0 | 13.10992431640625 | 930053.3535965002
1.9 | 61 | 0 | 13.10992431640625 | 930053.3702581669
1.9 | 61 | 0 | 13.10992431640625 | 930053.3869198335
1.9 | 61 | 0 | 13.10992431640625 | 930053.4035815002
1.9 | 61 | 0 | 13.10992431640625 | 930053.4202431669
1.9 | 61 | 0 | 13.10992431640625 | 930053.4369048335
1.9 | 61 | 0 | 13.10992431640625 | 930053.4535665002
1.9 | 61 | 0 | 13.10992431640625 | 930053.4702281669
1.9 | 61 | 0 | 13.10992431640625 | 930053.4868898336
1.9 | 61 | 0 | 13.10992431640625 | 930053.5035515002
1.9 | 61 | 0 | 13.10992431640625 | 930053.5202131668
1.9 | 61 | 0 | 13.10992431640625 | 930053.5368748335
1.9 | 61 | 0 | 13.10992431640625 | 930053.5535365002
1.9 | 61 | 0 | 13.10992431640625 | 930053.5701981669
1.9 | 61 | 0 | 13.10992431640625 | 930053.5868598336
1.9 | 61 | 0 | 13.10992431640625 | 930053.6035215002
1.9 | 61 | 0 | 13.10992431640625 | 930053.6201831668
1.9 | 61 | 0 | 13.10992431640625 | 930053.6368448335
1.9 | 61 | 0 | 13.10992431640625 | 930053.6535065002
1.9 | 61 | 0 | 13.10992431640625 | 930053.6701681669
1.9 | 61 | 0 | 13.10992431640625 | 930053.6868298335
1.9 | 61 | 0 | 13.10992431640625 | 930053.7034915002
1.9 | 61 | 0 | 13.10992431640625 | 930053.7201531669
1.9 | 61 | 0 | 13.10992431640625 | 930053.7368148336
1.9 | 61 | 0 | 13.10992431640625 | 930053.7534765002
1.9 | 61 | 0 | 13.10992431640625 | 930053.7701381668
1.9 | 61 | 0 | 13.10992431640625 | 930053.7867998335
1.9 | 61 | 0 | 13.10992431640625 | 930053.8034615002
1.9 | 61 | 0 | 13.10992431640625 | 930053.8201231669
1.9 | 61 | 0 | 13.10992431640625 | 930053.8367848336
1.9 | 61 | 0 | 13.10992431640625 | 930053.8534465003
1.9 | 61 | 0 | 13.10992431640625 | 930053.8701081668
1.9 | 61 | 0 | 13.10992431640625 | 930053.8867698335
1.9 | 61 | 0 | 13.10992431640625 | 930053.9034315002
1.9 | 61 | 0 | 13.10992431640625 | 930053.9200931669
1.9 | 61 | 0 | 13.10992431640625 | 930053.9367548336
1.9 | 61 | 0 | 13.10992431640625 | 930053.9534165002
1.9 | 61 | 0 | 13.10992431640625 | 930053.9700781669
1.9 | 61 | 0 | 13.10992431640625 | 930053.9867398335
1.9 | 61 | 0 | 13.10992431640625 | 930054.0034015002
1.9 | 61 | 0 | 13.10992431640625 | 930054.0200631669
1.9 | 61 | 0 | 13.10992431640625 | 930054.0367248335
1.9 | 61 | 0 | 13.10992431640625 | 930054.0533865002
1.9 | 61 | 0 | 13.10992431640625 | 930054.0700481669
1.9 | 61 | 0 | 13.10992431640625 | 930054.0867098336
1.9 | 61 | 0 | 13.10992431640625 | 930054.1033715002
1.9 | 61 | 0 | 13.10992431640625 | 930054.1200331668
1.9 | 61 | 0 | 13.10992431640625 | 930054.1366948335
1.9 | 61 | 0 | 13.10992431640625 | 930054.1533565002
1.9 | 61 | 0 | 13.10992431640625 | 930054.1700181669
1.9 | 61 | 0 | 13.10992431640625 | 930054.1866798336
1.9 | 61 | 0 | 13.10992431640625 | 930054.2033415003
1.9 | 61 | 0 | 13.10992431640625 | 930054.2200031668
1.9 | 61 | 0 | 13.10992431640625 | 930054.2366648335
1.9 | 61 | 0 | 13.10992431640625 | 930054.2533265002
1.9 | 61 | 0 | 13.10992431640625 | 930054.2699881669
1.9 | 61 | 0 | 13.10992431640625 | 930054.2866498335
1.9 | 61 | 0 | 13.10992431640625 | 930054.3033115002
1.9 | 61 | 0 | 13.10992431640625 | 930054.3199731669
1.9 | 61 | 0 | 13.10992431640625 | 930054.3366348335
1.9 | 61 | 0 | 13.10992431640625 | 930054.3532965002
1.9 | 61 | 0 | 13.10992431640625 | 930054.3699581668
1.9 | 61 | 0 | 13.10992431640625 | 930054.3866198335
1.9 | 61 | 0 | 13.10992431640625 | 930054.4032815002
2.0 | 61 | 0 | 13.10992431640625 | 930054.4199431669
2.0 | 61 | 0 | 13.10992431640625 | 930054.4366048336
2.0 | 61 | 0 | 13.10992431640625 | 930054.4532665001
1.9 | 61 | 0 | 13.06304931640625 | 930054.4699281668
1.9 | 61 | 0 | 13.06304931640625 | 930054.4865898335
1.9 | 61 | 0 | 13.06304931640625 | 930054.5032515002
1.9 | 61 | 0 | 13.06304931640625 | 930054.5199131669
1.7000000000000002 | 61 | 0 | 13.06304931640625 | 930054.5365748336
1.7000000000000002 | 61 | 0 | 13.06304931640625 | 930054.5532365002
1.7000000000000002 | 61 | 0 | 13.06304931640625 | 930054.5698981669
1.7000000000000002 | 61 | 0 | 13.06304931640625 | 930054.5865598335
1.7000000000000002 | 61 | 0 | 13.06304931640625 | 930054.6032215002
1.7000000000000002 | 61 | 0 | 13.06304931640625 | 930054.6198831669
1.7000000000000002 | 61 | 0 | 13.06304931640625 | 930054.6365448335
1.7000000000000002 | 61 | 0 | 13.06304931640625 | 930054.6532065002
1.7999999999999998 | 61 | 0 | 13.06304931640625 | 930054.6698681669
1.7999999999999998 | 61 | 0 | 13.06304931640625 | 930054.6865298336
1.7999999999999998 | 61 | 0 | 13.06304931640625 | 930054.7031915002
1.7999999999999998 | 61 | 0 | 13.06304931640625 | 930054.7198531668
1.7999999999999998 | 61 | 0 | 13.06304931640625 | 930054.7365148335
1.7999999999999998 | 61 | 0 | 13.06304931640625 | 930054.7531765002

--- NEW ITERATION ---

CPU | FPS | Dropped | Memory (MB) | Timestamp
---
3.4000000000000004 | 1 | 0 | 13.141128540039062 | 930377.5572457502
24.0 | 2 | 0 | 13.188003540039062 | 930377.5739105835
24.0 | 3 | 0 | 13.188003540039062 | 930377.5894167086
24.0 | 4 | 0 | 13.188003540039062 | 930377.6060639585
24.0 | 5 | 0 | 13.188003540039062 | 930377.6227112085
24.0 | 6 | 0 | 13.203628540039062 | 930377.6393584586
24.0 | 7 | 0 | 13.203628540039062 | 930377.6560057085
24.0 | 8 | 0 | 13.203628540039062 | 930377.6726529585
36.99999999999999 | 9 | 0 | 13.203628540039062 | 930377.6893002086
36.99999999999999 | 10 | 0 | 13.203628540039062 | 930377.7059474585
36.99999999999999 | 11 | 0 | 13.203628540039062 | 930377.7225947086
36.99999999999999 | 12 | 0 | 13.203628540039062 | 930377.7394127502
36.99999999999999 | 13 | 0 | 13.203628540039062 | 930377.7560752502
36.99999999999999 | 14 | 0 | 13.203628540039062 | 930377.7727377502
36.99999999999999 | 15 | 0 | 13.203628540039062 | 930377.7894002502
36.99999999999999 | 16 | 0 | 13.203628540039062 | 930377.8060627502
23.999999999999996 | 17 | 0 | 13.203628540039062 | 930377.8227252502
23.999999999999996 | 18 | 0 | 13.203628540039062 | 930377.8393877503
23.999999999999996 | 19 | 0 | 13.203628540039062 | 930377.8560502502
23.999999999999996 | 20 | 0 | 13.203628540039062 | 930377.8727127502
23.999999999999996 | 21 | 0 | 13.203628540039062 | 930377.8893752502
23.999999999999996 | 22 | 0 | 13.203628540039062 | 930377.9060377502
23.999999999999996 | 23 | 0 | 13.203628540039062 | 930377.9227002502
23.999999999999996 | 24 | 0 | 13.203628540039062 | 930377.9393627502
18.000000000000004 | 25 | 0 | 13.203628540039062 | 930377.9560252503
18.000000000000004 | 26 | 0 | 13.203628540039062 | 930377.9726877502
18.000000000000004 | 27 | 0 | 13.203628540039062 | 930377.9893502502
18.000000000000004 | 28 | 0 | 13.203628540039062 | 930378.0060127502
18.000000000000004 | 29 | 0 | 13.203628540039062 | 930378.0226752502
18.000000000000004 | 30 | 0 | 13.203628540039062 | 930378.0393377502
18.000000000000004 | 31 | 0 | 13.203628540039062 | 930378.0560002502
14.2 | 32 | 0 | 13.203628540039062 | 930378.0726627503
14.2 | 33 | 0 | 13.203628540039062 | 930378.0893252502
14.2 | 34 | 0 | 13.203628540039062 | 930378.1059877502
14.2 | 35 | 0 | 13.203628540039062 | 930378.1226502502
14.2 | 36 | 0 | 13.203628540039062 | 930378.1393127502
14.2 | 37 | 0 | 13.203628540039062 | 930378.1559752502
14.2 | 38 | 0 | 13.203628540039062 | 930378.1726377502
14.2 | 39 | 0 | 13.203628540039062 | 930378.1893002503
9.799999999999999 | 40 | 0 | 13.203628540039062 | 930378.2059627502
9.799999999999999 | 41 | 0 | 13.203628540039062 | 930378.2226252502
9.799999999999999 | 42 | 0 | 13.203628540039062 | 930378.2392877502
9.799999999999999 | 43 | 0 | 13.203628540039062 | 930378.2559502502
9.799999999999999 | 44 | 0 | 13.203628540039062 | 930378.2726127502
9.799999999999999 | 45 | 0 | 13.203628540039062 | 930378.2892752502
9.799999999999999 | 46 | 0 | 13.203628540039062 | 930378.3059377501
6.8 | 47 | 0 | 13.203628540039062 | 930378.3226002502
6.8 | 48 | 0 | 13.203628540039062 | 930378.3392627502
6.8 | 49 | 0 | 13.203628540039062 | 930378.3559252502
6.8 | 50 | 0 | 13.203628540039062 | 930378.3725877502
6.8 | 51 | 0 | 13.203628540039062 | 930378.3892502502
6.8 | 52 | 0 | 13.203628540039062 | 930378.4059127502
6.8 | 53 | 0 | 13.203628540039062 | 930378.4225752502
6.8 | 54 | 0 | 13.203628540039062 | 930378.4392377503
5.0 | 55 | 0 | 13.203628540039062 | 930378.4559002502
5.0 | 56 | 0 | 13.203628540039062 | 930378.4725627502
5.0 | 57 | 0 | 13.203628540039062 | 930378.4892252502
5.0 | 58 | 0 | 13.203628540039062 | 930378.5058877502
5.0 | 59 | 0 | 13.203628540039062 | 930378.5225502502
5.0 | 60 | 0 | 13.203628540039062 | 930378.5392127502
5.0 | 61 | 0 | 13.203628540039062 | 930378.5558752503
5.0 | 61 | 0 | 13.203628540039062 | 930378.5725377502
3.9000000000000004 | 61 | 0 | 13.203628540039062 | 930378.5892002502
3.9000000000000004 | 61 | 0 | 13.203628540039062 | 930378.6058627502
3.9000000000000004 | 61 | 0 | 13.203628540039062 | 930378.6225252502
3.9000000000000004 | 61 | 0 | 13.203628540039062 | 930378.6391877502
3.9000000000000004 | 61 | 0 | 13.203628540039062 | 930378.6558502502
3.9000000000000004 | 61 | 0 | 13.203628540039062 | 930378.6725127503
3.9000000000000004 | 61 | 0 | 13.203628540039062 | 930378.6891752502
3.9000000000000004 | 61 | 0 | 13.203628540039062 | 930378.7058377502
3.3000000000000003 | 61 | 0 | 13.203628540039062 | 930378.7225002502
3.3000000000000003 | 61 | 0 | 13.203628540039062 | 930378.7391627502
3.3000000000000003 | 61 | 0 | 13.203628540039062 | 930378.7558252502
3.3000000000000003 | 61 | 0 | 13.203628540039062 | 930378.7724877502
3.3000000000000003 | 61 | 0 | 13.203628540039062 | 930378.7891502503
3.3000000000000003 | 61 | 0 | 13.203628540039062 | 930378.8058127502
3.3000000000000003 | 61 | 0 | 13.203628540039062 | 930378.8224752502
2.8 | 61 | 0 | 13.203628540039062 | 930378.8391377502
2.8 | 61 | 0 | 13.203628540039062 | 930378.8558002502
2.8 | 61 | 0 | 13.203628540039062 | 930378.8724627502
2.8 | 61 | 0 | 13.203628540039062 | 930378.8891252502
2.8 | 61 | 0 | 13.203628540039062 | 930378.9057877501
2.8 | 61 | 0 | 13.203628540039062 | 930378.9224502502
2.8 | 61 | 0 | 13.203628540039062 | 930378.9391127502
2.8 | 61 | 0 | 13.203628540039062 | 930378.9557752502
2.5 | 61 | 0 | 13.203628540039062 | 930378.9724377502
2.5 | 61 | 0 | 13.203628540039062 | 930378.9891002502
2.5 | 61 | 0 | 13.203628540039062 | 930379.0057627502
2.5 | 61 | 0 | 13.203628540039062 | 930379.0224252502
2.5 | 61 | 0 | 13.203628540039062 | 930379.0390877503
2.5 | 61 | 0 | 13.203628540039062 | 930379.0557502502
2.5 | 61 | 0 | 13.203628540039062 | 930379.0724127502
2.4 | 61 | 0 | 13.203628540039062 | 930379.0890752502
2.4 | 61 | 0 | 13.203628540039062 | 930379.1057377502
2.4 | 61 | 0 | 13.203628540039062 | 930379.1224002502
2.4 | 61 | 0 | 13.203628540039062 | 930379.1390627502
2.3 | 61 | 0 | 13.125503540039062 | 930379.1557252503
2.3 | 61 | 0 | 13.125503540039062 | 930379.1723877502
2.3 | 61 | 0 | 13.125503540039062 | 930379.1890502502
2.3 | 61 | 0 | 13.125503540039062 | 930379.2057127502
2.1999999999999997 | 61 | 0 | 13.125503540039062 | 930379.2223752502
2.1999999999999997 | 61 | 0 | 13.125503540039062 | 930379.2390377502
2.1999999999999997 | 61 | 0 | 13.125503540039062 | 930379.2557002502
2.1999999999999997 | 61 | 0 | 13.125503540039062 | 930379.2723627503
2.1999999999999997 | 61 | 0 | 13.125503540039062 | 930379.2890252502
2.1999999999999997 | 61 | 0 | 13.125503540039062 | 930379.3056877502
2.1999999999999997 | 61 | 0 | 13.125503540039062 | 930379.3223502502
2.0 | 61 | 0 | 13.125503540039062 | 930379.3390127502
2.0 | 61 | 0 | 13.125503540039062 | 930379.3556752502
2.0 | 61 | 0 | 13.125503540039062 | 930379.3723377502
2.0 | 61 | 0 | 13.125503540039062 | 930379.3890002503
2.0 | 61 | 0 | 13.125503540039062 | 930379.4056627502
2.0 | 61 | 0 | 13.125503540039062 | 930379.4223252502
2.0 | 61 | 0 | 13.125503540039062 | 930379.4389877502
2.0 | 61 | 0 | 13.125503540039062 | 930379.4556502502
2.0 | 61 | 0 | 13.125503540039062 | 930379.4723127502
2.0 | 61 | 0 | 13.125503540039062 | 930379.4889752502
2.0 | 61 | 0 | 13.125503540039062 | 930379.5056377501
2.0 | 61 | 0 | 13.125503540039062 | 930379.5223002502
2.0 | 61 | 0 | 13.125503540039062 | 930379.5389627502
2.0 | 61 | 0 | 13.125503540039062 | 930379.5556252502
2.0 | 61 | 0 | 13.125503540039062 | 930379.5722877502
2.0 | 61 | 0 | 13.125503540039062 | 930379.5889502502
2.0 | 61 | 0 | 13.125503540039062 | 930379.6056127502
2.0 | 61 | 0 | 13.125503540039062 | 930379.6222752501
2.0 | 61 | 0 | 13.125503540039062 | 930379.6389377502
2.0 | 61 | 0 | 13.125503540039062 | 930379.6556002502
2.0 | 61 | 0 | 13.125503540039062 | 930379.6722627502
2.0 | 61 | 0 | 13.125503540039062 | 930379.6889252502
2.0 | 61 | 0 | 13.125503540039062 | 930379.7055877502
2.0 | 61 | 0 | 13.125503540039062 | 930379.7222502502
2.0 | 61 | 0 | 13.125503540039062 | 930379.7389127502
2.0 | 61 | 0 | 13.125503540039062 | 930379.7555752503
2.0 | 61 | 0 | 13.094253540039062 | 930379.7722377502
2.0 | 61 | 0 | 13.094253540039062 | 930379.7889002502
2.0 | 61 | 0 | 13.094253540039062 | 930379.8055627502
2.0 | 61 | 0 | 13.094253540039062 | 930379.8222252502
2.0 | 61 | 0 | 13.094253540039062 | 930379.8388877502
2.0 | 61 | 0 | 13.094253540039062 | 930379.8555502502
2.0 | 61 | 0 | 13.094253540039062 | 930379.8722127503
2.0 | 61 | 0 | 13.094253540039062 | 930379.8888752502
2.0 | 61 | 0 | 13.094253540039062 | 930379.9055377502
2.0 | 61 | 0 | 13.094253540039062 | 930379.9222002502
2.0 | 61 | 0 | 13.094253540039062 | 930379.9388627502
2.0 | 61 | 0 | 13.094253540039062 | 930379.9555252502
1.7999999999999998 | 61 | 0 | 13.094253540039062 | 930379.9721877502
1.7999999999999998 | 61 | 0 | 13.094253540039062 | 930379.9888502503
1.7999999999999998 | 61 | 0 | 13.094253540039062 | 930380.0055127502
1.7999999999999998 | 61 | 0 | 13.094253540039062 | 930380.0221752502
1.7999999999999998 | 61 | 0 | 13.094253540039062 | 930380.0388377502
1.7999999999999998 | 61 | 0 | 13.094253540039062 | 930380.0555002502
1.7999999999999998 | 61 | 0 | 13.094253540039062 | 930380.0721627502
1.7999999999999998 | 61 | 0 | 13.094253540039062 | 930380.0888252502
1.9 | 61 | 0 | 13.094253540039062 | 930380.1054877503
1.9 | 61 | 0 | 13.094253540039062 | 930380.1221502502
1.9 | 61 | 0 | 13.094253540039062 | 930380.1388127502
1.9 | 61 | 0 | 13.094253540039062 | 930380.1554752502
1.9 | 61 | 0 | 13.094253540039062 | 930380.1721377502
1.9 | 61 | 0 | 13.094253540039062 | 930380.1888002502
1.9 | 61 | 0 | 13.094253540039062 | 930380.2054627502
1.9 | 61 | 0 | 13.094253540039062 | 930380.2221252501
2.0 | 61 | 0 | 13.094253540039062 | 930380.2387877502
2.0 | 61 | 0 | 13.094253540039062 | 930380.2554502502
2.0 | 61 | 0 | 13.094253540039062 | 930380.2721127502
2.0 | 61 | 0 | 13.094253540039062 | 930380.2887752502
2.0 | 61 | 0 | 13.094253540039062 | 930380.3054377502
2.0 | 61 | 0 | 13.094253540039062 | 930380.3221002502
2.0 | 61 | 0 | 13.094253540039062 | 930380.3387627502
2.0 | 61 | 0 | 13.094253540039062 | 930380.3554252503
2.0 | 61 | 0 | 13.094253540039062 | 930380.3720877502
2.0 | 61 | 0 | 13.094253540039062 | 930380.3887502502
2.0 | 61 | 0 | 13.094253540039062 | 930380.4054127502
2.0 | 61 | 0 | 13.094253540039062 | 930380.4220752502
2.0 | 61 | 0 | 13.094253540039062 | 930380.4387377502
2.0 | 61 | 0 | 13.094253540039062 | 930380.4554002502
2.0 | 61 | 0 | 13.094253540039062 | 930380.4720627503
2.2 | 61 | 0 | 13.094253540039062 | 930380.4887252502
2.2 | 61 | 0 | 13.094253540039062 | 930380.5053877502
2.2 | 61 | 0 | 13.094253540039062 | 930380.5220502502
2.2 | 61 | 0 | 13.094253540039062 | 930380.5387127502
2.2 | 61 | 0 | 13.094253540039062 | 930380.5553752502
2.2 | 61 | 0 | 13.094253540039062 | 930380.5720377502
2.2 | 61 | 0 | 13.094253540039062 | 930380.5887002503
2.1 | 61 | 0 | 13.094253540039062 | 930380.6053627502
2.1 | 61 | 0 | 13.094253540039062 | 930380.6220252502
2.1 | 61 | 0 | 13.094253540039062 | 930380.6386877502
2.1 | 61 | 0 | 13.094253540039062 | 930380.6553502502
2.1 | 61 | 0 | 13.094253540039062 | 930380.6720127502
2.1 | 61 | 0 | 13.094253540039062 | 930380.6886752502
2.1 | 61 | 0 | 13.094253540039062 | 930380.7053377503
2.1 | 61 | 0 | 13.094253540039062 | 930380.7220002502
2.1 | 61 | 0 | 13.094253540039062 | 930380.7386627502
2.1 | 61 | 0 | 13.094253540039062 | 930380.7553252502
2.1 | 61 | 0 | 13.047378540039062 | 930380.7719877502
2.1 | 61 | 0 | 13.047378540039062 | 930380.7886502502
2.1 | 61 | 0 | 13.047378540039062 | 930380.8053127502
2.1 | 61 | 0 | 13.047378540039062 | 930380.8219752501
2.1 | 61 | 0 | 13.047378540039062 | 930380.8386377502
2.1 | 61 | 0 | 13.047378540039062 | 930380.8553002502
2.1 | 61 | 0 | 13.047378540039062 | 930380.8719627502
2.1 | 61 | 0 | 13.047378540039062 | 930380.8886252502
2.0 | 61 | 0 | 12.953628540039062 | 930380.9052877502
2.0 | 61 | 0 | 12.953628540039062 | 930380.9219502502
2.0 | 61 | 0 | 12.953628540039062 | 930380.9386127501
2.0 | 61 | 0 | 12.953628540039062 | 930380.9552752502
2.0 | 61 | 0 | 12.953628540039062 | 930380.9719377502
1.9 | 61 | 0 | 12.953628540039062 | 930380.9886002502
1.9 | 61 | 0 | 12.953628540039062 | 930381.0052627502
1.9 | 61 | 0 | 12.953628540039062 | 930381.0219252502
1.9 | 61 | 0 | 12.953628540039062 | 930381.0385877502
1.9 | 61 | 0 | 12.953628540039062 | 930381.0552502502
1.9 | 61 | 0 | 12.953628540039062 | 930381.0719127503
1.9 | 61 | 0 | 12.953628540039062 | 930381.0885752502
1.7999999999999998 | 61 | 0 | 12.953628540039062 | 930381.1052377502
1.7999999999999998 | 61 | 0 | 12.953628540039062 | 930381.1219002502
1.7999999999999998 | 61 | 0 | 12.906753540039062 | 930381.1385627502
1.7999999999999998 | 61 | 0 | 12.906753540039062 | 930381.1552252502
1.7999999999999998 | 61 | 0 | 12.906753540039062 | 930381.1718877502
1.7999999999999998 | 61 | 0 | 12.906753540039062 | 930381.1885502503
1.7999999999999998 | 61 | 0 | 12.906753540039062 | 930381.2052127502
1.7999999999999998 | 61 | 0 | 12.906753540039062 | 930381.2218752502
1.7999999999999998 | 61 | 0 | 12.906753540039062 | 930381.2385377502
1.7999999999999998 | 61 | 0 | 12.906753540039062 | 930381.2552002502
1.7999999999999998 | 61 | 0 | 12.906753540039062 | 930381.2718627502
1.7999999999999998 | 61 | 0 | 12.906753540039062 | 930381.2885252502
1.7999999999999998 | 61 | 0 | 12.906753540039062 | 930381.3051877503
1.7999999999999998 | 61 | 0 | 12.906753540039062 | 930381.3218502502
1.7999999999999998 | 61 | 0 | 12.906753540039062 | 930381.3385127502
1.7000000000000002 | 61 | 0 | 12.906753540039062 | 930381.3551752502
1.7000000000000002 | 61 | 0 | 12.906753540039062 | 930381.3718377502
1.7000000000000002 | 61 | 0 | 12.906753540039062 | 930381.3885002502
1.7000000000000002 | 61 | 0 | 12.906753540039062 | 930381.4051627502
1.7000000000000002 | 61 | 0 | 12.906753540039062 | 930381.4218252503
1.7000000000000002 | 61 | 0 | 12.906753540039062 | 930381.4384877502
1.7000000000000002 | 61 | 0 | 12.906753540039062 | 930381.4551502502
1.7000000000000002 | 61 | 0 | 12.906753540039062 | 930381.4718127502
1.9 | 61 | 0 | 12.906753540039062 | 930381.4884752502
1.9 | 61 | 0 | 12.906753540039062 | 930381.5051377502
1.9 | 61 | 0 | 12.906753540039062 | 930381.5218002502
1.9 | 61 | 0 | 12.906753540039062 | 930381.5384627501
1.9 | 61 | 0 | 12.906753540039062 | 930381.5551252502
1.9 | 61 | 0 | 12.906753540039062 | 930381.5717877502
1.9 | 61 | 0 | 12.906753540039062 | 930381.5884502502
1.9 | 61 | 0 | 12.906753540039062 | 930381.6051127502
1.9 | 61 | 0 | 12.906753540039062 | 930381.6217752502
1.9 | 61 | 0 | 12.906753540039062 | 930381.6384377502
1.9 | 61 | 0 | 12.906753540039062 | 930381.6551002502
1.9 | 61 | 0 | 12.906753540039062 | 930381.6717627503
1.9 | 61 | 0 | 12.906753540039062 | 930381.6884252502
1.9 | 61 | 0 | 12.906753540039062 | 930381.7050877502
1.9 | 61 | 0 | 12.906753540039062 | 930381.7217502502
1.7000000000000002 | 61 | 0 | 12.906753540039062 | 930381.7384127502
1.7000000000000002 | 61 | 0 | 12.906753540039062 | 930381.7550752502
1.7000000000000002 | 61 | 0 | 12.906753540039062 | 930381.7717377502
1.7000000000000002 | 61 | 0 | 12.906753540039062 | 930381.7884002503
1.7000000000000002 | 61 | 0 | 12.906753540039062 | 930381.8050627502
1.7000000000000002 | 61 | 0 | 12.906753540039062 | 930381.8217252502
1.7000000000000002 | 61 | 0 | 12.906753540039062 | 930381.8383877502
1.7000000000000002 | 61 | 0 | 12.906753540039062 | 930381.8550502502
1.7000000000000002 | 61 | 0 | 12.906753540039062 | 930381.8717127502
1.7000000000000002 | 61 | 0 | 12.906753540039062 | 930381.8883752502
1.7000000000000002 | 61 | 0 | 12.906753540039062 | 930381.9050377503
1.7000000000000002 | 61 | 0 | 12.906753540039062 | 930381.9217002502
1.7000000000000002 | 61 | 0 | 12.906753540039062 | 930381.9383627502
1.7000000000000002 | 61 | 0 | 12.906753540039062 | 930381.9550252502
1.7000000000000002 | 61 | 0 | 12.906753540039062 | 930381.9716877502
1.7000000000000002 | 61 | 0 | 12.906753540039062 | 930381.9883502502
1.8000000000000003 | 61 | 0 | 12.906753540039062 | 930382.0050127502
1.8000000000000003 | 61 | 0 | 12.906753540039062 | 930382.0216752503
1.8000000000000003 | 61 | 0 | 12.906753540039062 | 930382.0383377502
1.8000000000000003 | 61 | 0 | 12.906753540039062 | 930382.0550002502
1.8000000000000003 | 61 | 0 | 12.906753540039062 | 930382.0716627502
1.8000000000000003 | 61 | 0 | 12.906753540039062 | 930382.0883252502
1.8000000000000003 | 61 | 0 | 12.906753540039062 | 930382.1049877502
1.7000000000000002 | 61 | 0 | 12.906753540039062 | 930382.1216502502
1.7000000000000002 | 61 | 0 | 12.906753540039062 | 930382.1383127501
1.7000000000000002 | 61 | 0 | 12.906753540039062 | 930382.1549752502
1.7000000000000002 | 61 | 0 | 12.906753540039062 | 930382.1716377502
1.7000000000000002 | 61 | 0 | 12.906753540039062 | 930382.1883002502
1.7000000000000002 | 61 | 0 | 12.906753540039062 | 930382.2049627502
1.7000000000000002 | 61 | 0 | 12.906753540039062 | 930382.2216252502
1.7000000000000002 | 61 | 0 | 12.906753540039062 | 930382.2382877502
1.7000000000000002 | 61 | 0 | 12.906753540039062 | 930382.2549502501
1.7000000000000002 | 61 | 0 | 12.906753540039062 | 930382.2716127502
1.7000000000000002 | 61 | 0 | 12.906753540039062 | 930382.2882752502
1.7000000000000002 | 61 | 0 | 12.906753540039062 | 930382.3049377502
1.7000000000000002 | 61 | 0 | 12.906753540039062 | 930382.3216002502
1.7000000000000002 | 61 | 0 | 12.906753540039062 | 930382.3382627502
1.7000000000000002 | 61 | 0 | 12.906753540039062 | 930382.3549252502
1.7000000000000002 | 61 | 0 | 12.906753540039062 | 930382.3715877502
1.8000000000000003 | 61 | 0 | 12.906753540039062 | 930382.3882502503
1.8000000000000003 | 61 | 0 | 12.906753540039062 | 930382.4049127502
1.8000000000000003 | 61 | 0 | 12.906753540039062 | 930382.4215752502
1.8000000000000003 | 61 | 0 | 12.906753540039062 | 930382.4382377502
1.8000000000000003 | 61 | 0 | 12.906753540039062 | 930382.4549002502
1.8000000000000003 | 61 | 0 | 12.906753540039062 | 930382.4715627502
1.8000000000000003 | 61 | 0 | 12.906753540039062 | 930382.4882252502
1.8000000000000003 | 61 | 0 | 12.906753540039062 | 930382.5048877503
1.7000000000000002 | 61 | 0 | 12.906753540039062 | 930382.5215502502
1.7000000000000002 | 61 | 0 | 12.906753540039062 | 930382.5382127502
1.7000000000000002 | 61 | 0 | 12.906753540039062 | 930382.5548752502
1.6 | 61 | 0 | 12.859878540039062 | 930382.5715377502
1.6 | 61 | 0 | 12.859878540039062 | 930382.5882002502
1.6 | 61 | 0 | 12.859878540039062 | 930382.6048627502
1.6 | 61 | 0 | 12.859878540039062 | 930382.6215252503
1.6 | 61 | 0 | 12.859878540039062 | 930382.6381877502
1.6 | 61 | 0 | 12.859878540039062 | 930382.6548502502
1.6 | 61 | 0 | 12.859878540039062 | 930382.6715127502
1.6 | 61 | 0 | 12.859878540039062 | 930382.6881752502
1.6 | 61 | 0 | 12.859878540039062 | 930382.7048377502
1.6 | 61 | 0 | 12.859878540039062 | 930382.7215002502
1.6 | 61 | 0 | 12.859878540039062 | 930382.7381627503
1.6 | 61 | 0 | 12.859878540039062 | 930382.7548252502
1.6 | 61 | 0 | 12.859878540039062 | 930382.7714877502
1.6 | 61 | 0 | 12.859878540039062 | 930382.7881502502
1.6 | 61 | 0 | 12.859878540039062 | 930382.8048127502
1.6 | 61 | 0 | 12.859878540039062 | 930382.8214752502
1.6 | 61 | 0 | 12.859878540039062 | 930382.8381377502
1.6 | 61 | 0 | 12.859878540039062 | 930382.8548002501
1.6 | 61 | 0 | 12.859878540039062 | 930382.8714627502