
--- ITERATION 0 ---

CPU | Memory (MB) | Timestamp
---
26.8 | 111.61003875732422 | 3207.3523516666673
26.8 | 111.61003875732422 | 3207.369018583334
26.8 | 111.61003875732422 | 3207.385685500001
26.8 | 111.61003875732422 | 3207.4023524166673
25.1 | 111.61003875732422 | 3207.419019333334
25.1 | 111.61003875732422 | 3207.435686250001
25.1 | 111.61003875732422 | 3207.4523531666673
25.1 | 111.61003875732422 | 3207.469020083334
25.1 | 111.61003875732422 | 3207.485687000001
25.1 | 111.61003875732422 | 3207.5023539166673
25.1 | 111.61003875732422 | 3207.5190208333343
24.5 | 111.61003875732422 | 3207.5356877500008
24.5 | 111.61003875732422 | 3207.5523546666673
24.5 | 111.61003875732422 | 3207.5690215833342
24.5 | 111.57878875732422 | 3207.5856885000007
24.5 | 111.57878875732422 | 3207.6023554166673
24.5 | 111.57878875732422 | 3207.619022333334
--- ITERATION 1 ---
24.5 | 111.70378875732422 | 3207.6356892500007
24.5 | 111.7038345336914 | 3207.6523561666672
24.9 | 111.7038345336914 | 3207.669023083334
24.9 | 111.7038345336914 | 3207.6856900000007
24.9 | 111.7194595336914 | 3207.702356916667
24.9 | 111.8600845336914 | 3207.719023833334
--- ITERATION 2 ---
24.9 | 111.9069595336914 | 3207.7356907500007
24.9 | 111.9225845336914 | 3207.752357666667
24.9 | 111.9225845336914 | 3207.769024583334
27.8 | 111.9225845336914 | 3207.7856915000007
27.8 | 111.9225845336914 | 3207.802358416667
27.8 | 111.9225845336914 | 3207.819025333334
--- ITERATION 3 ---
27.8 | 111.9382095336914 | 3207.8356922500006
27.8 | 111.9382095336914 | 3207.852359166667
27.8 | 111.9382095336914 | 3207.869026083334
27.8 | 111.9382095336914 | 3207.8856930000006
27.8 | 111.9382095336914 | 3207.9023599166676
28.799999999999997 | 111.9382095336914 | 3207.919026833334
28.799999999999997 | 111.9382095336914 | 3207.9356937500006
--- ITERATION 4 ---
28.799999999999997 | 111.9694595336914 | 3207.9523606666676
28.799999999999997 | 111.9694595336914 | 3207.969027583334
28.799999999999997 | 112.0007095336914 | 3207.9856945000006
28.799999999999997 | 112.0007095336914 | 3208.0023614166676
28.799999999999997 | 112.0007095336914 | 3208.019028333334
26.300000000000004 | 111.9694595336914 | 3208.0356952500006
26.300000000000004 | 111.9694595336914 | 3208.0523621666675
26.300000000000004 | 111.9694595336914 | 3208.069029083334
26.300000000000004 | 111.9694595336914 | 3208.0856960000006
26.300000000000004 | 111.9694595336914 | 3208.1023629166675
--- ITERATION 5 ---
26.300000000000004 | 111.9850845336914 | 3208.119029833334
26.300000000000004 | 112.0163345336914 | 3208.1356967500005
26.300000000000004 | 112.0163345336914 | 3208.1523636666675
34.49999999999999 | 112.0163345336914 | 3208.169030583334
34.49999999999999 | 112.0163345336914 | 3208.1856975000005
34.49999999999999 | 112.0163345336914 | 3208.2023644166675
34.49999999999999 | 112.0163345336914 | 3208.219031333334
34.49999999999999 | 112.0163345336914 | 3208.2356982500005
34.49999999999999 | 112.0163345336914 | 3208.2523651666675
34.49999999999999 | 112.0163345336914 | 3208.269032083334
--- ITERATION 6 ---
27.400000000000002 | 112.0475845336914 | 3208.2856990000005
27.400000000000002 | 112.0475845336914 | 3208.3023659166674
27.400000000000002 | 112.0632095336914 | 3208.319032833334
27.400000000000002 | 112.0632095336914 | 3208.335699750001
27.400000000000002 | 112.0632095336914 | 3208.3523666666674
27.400000000000002 | 112.0632095336914 | 3208.369033583334
27.400000000000002 | 112.0632095336914 | 3208.385700500001
--- ITERATION 7 ---
27.400000000000002 | 112.0944595336914 | 3208.4023674166674
29.300000000000004 | 112.0632095336914 | 3208.419034333334
29.300000000000004 | 112.0632095336914 | 3208.435701250001
29.300000000000004 | 112.0632095336914 | 3208.4523681666674
29.300000000000004 | 112.0632095336914 | 3208.469035083334
29.300000000000004 | 112.0632095336914 | 3208.485702000001
29.300000000000004 | 112.0632095336914 | 3208.5023689166674
--- ITERATION 8 ---
29.300000000000004 | 112.0788345336914 | 3208.519035833334
31.999999999999996 | 112.0788345336914 | 3208.535702750001
31.999999999999996 | 112.0788345336914 | 3208.5523696666673
31.999999999999996 | 112.0788345336914 | 3208.569036583334
31.999999999999996 | 112.0788345336914 | 3208.585703500001
31.999999999999996 | 112.0788345336914 | 3208.6023704166673
--- ITERATION 9 ---
31.999999999999996 | 112.0944595336914 | 3208.619037333334
31.999999999999996 | 112.0944595336914 | 3208.635704250001
31.999999999999996 | 112.0632095336914 | 3208.6523711666673
34.4 | 112.0632095336914 | 3208.669038083334
34.4 | 112.0632095336914 | 3208.685705000001
34.4 | 112.0632095336914 | 3208.7023719166673
34.4 | 112.0632095336914 | 3208.7190388333343
34.4 | 112.0632095336914 | 3208.7357057500008
34.4 | 112.0632095336914 | 3208.7523726666673
34.4 | 112.0632095336914 | 3208.7690395833342
30.1 | 112.0632095336914 | 3208.7857065000007
30.1 | 112.0632095336914 | 3208.8023734166673
30.1 | 112.0632095336914 | 3208.819040333334
30.1 | 112.0632095336914 | 3208.8357072500007
30.1 | 112.0632095336914 | 3208.8523741666672
30.1 | 112.0632095336914 | 3208.869041083334
30.1 | 112.0632095336914 | 3208.8857080000007
30.1 | 112.0632095336914 | 3208.902374916667
18.9 | 112.0632095336914 | 3208.919041833334
18.9 | 112.0632095336914 | 3208.9357087500007
18.9 | 112.0632095336914 | 3208.952375666667
18.9 | 112.0632095336914 | 3208.969042583334
18.9 | 112.0632095336914 | 3208.9857095000007
18.9 | 112.0632095336914 | 3209.002376416667
18.9 | 112.0632095336914 | 3209.019043333334
--- ITERATION 10 ---
12.6 | 112.0788345336914 | 3209.0357102500006
12.6 | 112.0788345336914 | 3209.052377166667
12.6 | 112.0788345336914 | 3209.069044083334
12.6 | 112.0788345336914 | 3209.0857110000006
12.6 | 112.0788345336914 | 3209.1023779166676
12.6 | 112.1100845336914 | 3209.119044833334
12.6 | 112.0788345336914 | 3209.1357117500006
12.6 | 112.0788345336914 | 3209.1523786666676
16.0 | 112.0788345336914 | 3209.169045583334
16.0 | 112.0788345336914 | 3209.1857125000006
16.0 | 112.0788345336914 | 3209.2023794166676
16.0 | 112.0788345336914 | 3209.219046333334
16.0 | 112.0788345336914 | 3209.2357132500006
16.0 | 112.0788345336914 | 3209.2523801666675
16.0 | 112.0788345336914 | 3209.269047083334
16.0 | 112.0788345336914 | 3209.2857140000006
9.999999999999998 | 112.0788345336914 | 3209.3023809166675
9.999999999999998 | 112.0788345336914 | 3209.319047833334
9.999999999999998 | 112.0788345336914 | 3209.3357147500005
9.999999999999998 | 112.0788345336914 | 3209.3523816666675
9.999999999999998 | 112.0788345336914 | 3209.369048583334
9.999999999999998 | 112.0788345336914 | 3209.3857155000005
9.999999999999998 | 112.0788345336914 | 3209.4023824166675
9.999999999999998 | 112.0788345336914 | 3209.419049333334
6.4 | 112.0788345336914 | 3209.4357162500005
6.4 | 112.0788345336914 | 3209.4523831666675
6.4 | 112.0788345336914 | 3209.469050083334
6.4 | 112.0788345336914 | 3209.4857170000005
6.4 | 112.0788345336914 | 3209.503482083334
6.4 | 112.0788345336914 | 3209.5201541250008
6.4 | 112.0788345336914 | 3209.536826166667
4.499999999999999 | 112.0788345336914 | 3209.553498208334
4.499999999999999 | 112.0788345336914 | 3209.5701702500005
4.499999999999999 | 112.0788345336914 | 3209.5868422916674
4.499999999999999 | 112.0788345336914 | 3209.6035143333343
4.499999999999999 | 112.0788345336914 | 3209.6201863750007
4.499999999999999 | 112.0788345336914 | 3209.6368584166676
4.499999999999999 | 112.0788345336914 | 3209.6533622500006
4.499999999999999 | 112.0788345336914 | 3209.6700202500006
3.4000000000000004 | 112.0788345336914 | 3209.6866782500006
3.4000000000000004 | 112.0788345336914 | 3209.7033362500006
3.4000000000000004 | 112.0944595336914 | 3209.7199942500006
3.4000000000000004 | 112.0944595336914 | 3209.7366522500006
3.4000000000000004 | 112.0944595336914 | 3209.7533102500006
3.4000000000000004 | 112.0944595336914 | 3209.7699682500006
3.4000000000000004 | 112.0944595336914 | 3209.7866262500006
2.8 | 112.0944595336914 | 3209.8032842500006
2.8 | 112.0944595336914 | 3209.8199422500006
2.8 | 112.0944595336914 | 3209.8366002500006
2.8 | 112.0944595336914 | 3209.8532582500006
2.8 | 112.0944595336914 | 3209.8699162500006
2.8 | 112.0944595336914 | 3209.8865742500006
2.8 | 112.0944595336914 | 3209.9032322500007
2.8 | 112.0944595336914 | 3209.9198902500007
2.6999999999999997 | 112.0944595336914 | 3209.9365482500007
2.6999999999999997 | 112.0944595336914 | 3209.9532062500007
2.6999999999999997 | 112.0944595336914 | 3209.9698642500007
2.6999999999999997 | 112.0944595336914 | 3209.9865222500007
2.6999999999999997 | 112.0944595336914 | 3210.0031802500007
2.6999999999999997 | 112.0944595336914 | 3210.0198382500007
2.6999999999999997 | 112.0944595336914 | 3210.0364962500007
2.3 | 112.0944595336914 | 3210.0531542500007
2.3 | 112.0944595336914 | 3210.0698122500007
2.3 | 112.0944595336914 | 3210.0864702500007
2.3 | 112.0944595336914 | 3210.1031282500007
2.3 | 112.0944595336914 | 3210.1197862500007
2.3 | 112.0944595336914 | 3210.1364442500007
2.3 | 112.0944595336914 | 3210.1531022500008
2.3 | 112.0944595336914 | 3210.1697602500008
2.4 | 112.0944595336914 | 3210.1864182500008
2.4 | 112.0944595336914 | 3210.203076250001
2.4 | 112.0944595336914 | 3210.219734250001
2.4 | 112.0944595336914 | 3210.236392250001
2.4 | 112.0944595336914 | 3210.253050250001
2.4 | 112.0944595336914 | 3210.269708250001
2.4 | 112.0944595336914 | 3210.286366250001
2.1 | 112.0944595336914 | 3210.303024250001
2.1 | 112.0944595336914 | 3210.319682250001
2.1 | 112.0944595336914 | 3210.336340250001
2.1 | 112.0944595336914 | 3210.352998250001
2.1 | 112.0944595336914 | 3210.369656250001
2.1 | 112.0944595336914 | 3210.386314250001
2.1 | 112.0944595336914 | 3210.402972250001
2.1 | 112.0944595336914 | 3210.419630250001
2.9 | 112.0944595336914 | 3210.436288250001
2.9 | 112.0944595336914 | 3210.452946250001
2.9 | 112.0944595336914 | 3210.469604250001
2.9 | 112.0944595336914 | 3210.486262250001
2.9 | 112.0944595336914 | 3210.502920250001
2.9 | 112.0944595336914 | 3210.519578250001
2.9 | 112.0944595336914 | 3210.536236250001
2.9 | 112.0944595336914 | 3210.552894250001
3.5 | 112.0944595336914 | 3210.569552250001
3.5 | 112.0944595336914 | 3210.586210250001
3.5 | 112.0944595336914 | 3210.6028682500005
3.5 | 112.0944595336914 | 3210.6195262500005
3.5 | 112.0944595336914 | 3210.6361842500005
3.5 | 112.0944595336914 | 3210.6528422500005
3.5 | 112.0944595336914 | 3210.6695002500005
3.7 | 112.0944595336914 | 3210.6861582500005
--- ITERATION 11 ---
3.7 | 112.0944595336914 | 3210.7028162500005
3.7 | 112.0944595336914 | 3210.7194742500005
3.7 | 112.0944595336914 | 3210.7361322500005
3.7 | 112.0944595336914 | 3210.7527902500005
3.7 | 112.0944595336914 | 3210.7694482500006
3.7 | 112.0944595336914 | 3210.7861062500006
3.7 | 112.0944595336914 | 3210.8027642500006
6.4 | 112.0944595336914 | 3210.8194222500006
6.4 | 112.0944595336914 | 3210.8360802500006
6.4 | 112.0944595336914 | 3210.8527382500006
6.4 | 112.0944595336914 | 3210.8693962500006
6.4 | 112.0944595336914 | 3210.8860542500006
6.4 | 112.0944595336914 | 3210.9027122500006
6.4 | 112.0944595336914 | 3210.9193702500006
4.499999999999999 | 112.0944595336914 | 3210.9360282500006
4.499999999999999 | 112.0944595336914 | 3210.9526862500006
4.499999999999999 | 112.0944595336914 | 3210.9693442500006
4.499999999999999 | 112.0944595336914 | 3210.9860022500006
4.499999999999999 | 112.0944595336914 | 3211.0026602500006
4.499999999999999 | 112.0944595336914 | 3211.0193182500007
4.499999999999999 | 112.0944595336914 | 3211.0359762500007
4.499999999999999 | 112.0944595336914 | 3211.0526342500007
4.1 | 112.0944595336914 | 3211.0692922500007
4.1 | 112.0944595336914 | 3211.0859502500007
4.1 | 112.0944595336914 | 3211.1026082500007
4.1 | 112.0944595336914 | 3211.1192662500007
4.1 | 112.0944595336914 | 3211.1359242500007
4.1 | 112.0944595336914 | 3211.1525822500007
4.1 | 112.0944595336914 | 3211.1692402500007
4.1 | 112.0944595336914 | 3211.1858982500007
4.8 | 112.0944595336914 | 3211.2025562500007
4.8 | 112.0944595336914 | 3211.2192142500007
4.8 | 112.0944595336914 | 3211.2358722500007
4.8 | 112.0944595336914 | 3211.2525302500007
4.8 | 112.0944595336914 | 3211.2691882500008
4.8 | 112.0944595336914 | 3211.2858462500008
4.8 | 112.0944595336914 | 3211.3025042500008
6.000000000000001 | 112.0944595336914 | 3211.3191622500008
6.000000000000001 | 112.0944595336914 | 3211.335820250001
6.000000000000001 | 112.0944595336914 | 3211.352478250001
6.000000000000001 | 112.0944595336914 | 3211.369136250001
6.000000000000001 | 112.0944595336914 | 3211.385794250001
6.000000000000001 | 112.0944595336914 | 3211.402452250001
--- ITERATION 12 ---
6.000000000000001 | 112.1100845336914 | 3211.419110250001
6.000000000000001 | 112.1100845336914 | 3211.435768250001
10.399999999999999 | 112.1100845336914 | 3211.452426250001
10.399999999999999 | 112.1100845336914 | 3211.469084250001
10.399999999999999 | 112.1100845336914 | 3211.485742250001
10.399999999999999 | 112.1100845336914 | 3211.502400250001
10.399999999999999 | 112.1100845336914 | 3211.519058250001
10.399999999999999 | 112.1100845336914 | 3211.535716250001
10.399999999999999 | 112.1100845336914 | 3211.552374250001
7.9 | 112.1100845336914 | 3211.569032250001
7.9 | 112.1100845336914 | 3211.585690250001
7.9 | 112.1100845336914 | 3211.602348250001
7.9 | 112.1100845336914 | 3211.619006250001
7.9 | 112.1100845336914 | 3211.635664250001
7.9 | 112.1100845336914 | 3211.652322250001
7.9 | 112.1100845336914 | 3211.668980250001
7.9 | 112.1100845336914 | 3211.685638250001
8.200000000000001 | 112.1100845336914 | 3211.702296250001
8.200000000000001 | 112.1100845336914 | 3211.7189542500005
8.200000000000001 | 112.1100845336914 | 3211.7356122500005
8.200000000000001 | 112.1100845336914 | 3211.7522702500005
8.200000000000001 | 112.1100845336914 | 3211.7689282500005
8.200000000000001 | 112.1100845336914 | 3211.7855862500005
8.200000000000001 | 112.1100845336914 | 3211.8022442500005
8.200000000000001 | 112.1100845336914 | 3211.8189022500005
7.2 | 112.1100845336914 | 3211.8355602500005
7.2 | 112.1100845336914 | 3211.8522182500005
7.2 | 112.1100845336914 | 3211.8688762500005
7.2 | 112.1100845336914 | 3211.8855342500005
--- ITERATION 13 ---
7.2 | 112.1100845336914 | 3211.9021922500006
7.2 | 112.1100845336914 | 3211.9188502500006
7.2 | 112.1100845336914 | 3211.9355082500006
11.700000000000001 | 112.1100845336914 | 3211.9521662500006
11.700000000000001 | 112.1100845336914 | 3211.9688242500006
11.700000000000001 | 112.1100845336914 | 3211.9854822500006
11.700000000000001 | 112.1100845336914 | 3212.0021402500006
11.700000000000001 | 112.1100845336914 | 3212.0187982500006
11.700000000000001 | 112.1100845336914 | 3212.0354562500006
11.700000000000001 | 112.1100845336914 | 3212.0521142500006
11.700000000000001 | 112.1100845336914 | 3212.0687722500006
10.2 | 112.1100845336914 | 3212.0854302500006
10.2 | 112.1100845336914 | 3212.1020882500006
10.2 | 112.1100845336914 | 3212.1187462500006
10.2 | 112.1100845336914 | 3212.1354042500006
10.2 | 112.1100845336914 | 3212.1520622500007
10.2 | 112.1100845336914 | 3212.1687202500007
10.2 | 112.1100845336914 | 3212.1853782500007
9.2 | 112.1100845336914 | 3212.2020362500007
9.2 | 112.1100845336914 | 3212.2186942500007
9.2 | 112.1100845336914 | 3212.2353522500007
9.2 | 112.1100845336914 | 3212.2520102500007
9.2 | 112.1100845336914 | 3212.2686682500007
9.2 | 112.1100845336914 | 3212.2853262500007
9.2 | 112.1100845336914 | 3212.3019842500007
9.2 | 112.1100845336914 | 3212.3186422500007
7.3 | 112.1100845336914 | 3212.3353002500007
7.3 | 112.1100845336914 | 3212.3519582500007
7.3 | 112.1100845336914 | 3212.3686162500007
7.3 | 112.1100845336914 | 3212.3852742500007
7.3 | 112.1100845336914 | 3212.4019322500008
7.3 | 112.1100845336914 | 3212.4185902500008
7.3 | 112.1100845336914 | 3212.4352482500008
--- ITERATION 14 ---
5.9 | 112.1569595336914 | 3212.451906250001
5.9 | 112.1569595336914 | 3212.468564250001
5.9 | 112.1569595336914 | 3212.485222250001
5.9 | 112.1569595336914 | 3212.501880250001
5.9 | 112.1569595336914 | 3212.518538250001
5.9 | 112.1569595336914 | 3212.535196250001
5.9 | 112.1569595336914 | 3212.551854250001
5.9 | 112.1725845336914 | 3212.568512250001
10.5 | 112.1725845336914 | 3212.585170250001
10.5 | 112.1725845336914 | 3212.601828250001
10.5 | 112.1725845336914 | 3212.618486250001
10.5 | 112.1725845336914 | 3212.635144250001
10.5 | 112.1725845336914 | 3212.651802250001
10.5 | 112.1725845336914 | 3212.668460250001
10.5 | 112.1725845336914 | 3212.685118250001
9.7 | 112.1725845336914 | 3212.701776250001
9.7 | 112.1725845336914 | 3212.718434250001
9.7 | 112.1725845336914 | 3212.735092250001
9.7 | 112.1725845336914 | 3212.751750250001
9.7 | 112.1725845336914 | 3212.768408250001
9.7 | 112.1725845336914 | 3212.785066250001
9.7 | 112.1725845336914 | 3212.801724250001
9.7 | 112.1725845336914 | 3212.818382250001
8.4 | 112.1725845336914 | 3212.835040250001
8.4 | 112.1725845336914 | 3212.8516982500005
--- ITERATION 15 ---
8.4 | 112.1725845336914 | 3212.8683562500005
8.4 | 112.1725845336914 | 3212.8850142500005
8.4 | 112.2350845336914 | 3212.9016722500005
8.4 | 112.2350845336914 | 3212.9183302500005
8.4 | 112.2350845336914 | 3212.9349882500005
8.1 | 112.2350845336914 | 3212.9516462500005
8.1 | 112.2350845336914 | 3212.9683042500005
8.1 | 112.1725845336914 | 3212.9849622500005
8.1 | 112.1725845336914 | 3213.0016202500005
8.1 | 112.1725845336914 | 3213.0182782500005
8.1 | 112.1725845336914 | 3213.0349362500006
8.1 | 112.1725845336914 | 3213.0515942500006
8.1 | 112.1725845336914 | 3213.0682522500006
12.4 | 112.1725845336914 | 3213.0849102500006
12.4 | 112.1725845336914 | 3213.1015682500006
12.4 | 112.1725845336914 | 3213.1182262500006
12.4 | 112.1725845336914 | 3213.1348842500006
12.4 | 112.1725845336914 | 3213.1515422500006
12.4 | 112.1725845336914 | 3213.1682002500006
12.4 | 112.1725845336914 | 3213.1848582500006
7.9 | 112.1725845336914 | 3213.2015162500006
7.9 | 112.1725845336914 | 3213.2181742500006
7.9 | 112.1725845336914 | 3213.2348322500006
7.9 | 112.1725845336914 | 3213.2514902500006
7.9 | 112.1725845336914 | 3213.2681482500006
7.9 | 112.1725845336914 | 3213.2848062500007
7.9 | 112.1725845336914 | 3213.3014642500007
7.9 | 112.1725845336914 | 3213.3181222500007
7.200000000000001 | 112.1725845336914 | 3213.3347802500007
7.200000000000001 | 112.1725845336914 | 3213.3514382500007
7.200000000000001 | 112.1725845336914 | 3213.3680962500007
7.200000000000001 | 112.1725845336914 | 3213.3847542500007
--- ITERATION 16 ---
7.200000000000001 | 112.1882095336914 | 3213.4014122500007
7.200000000000001 | 112.1882095336914 | 3213.4180702500007
7.200000000000001 | 112.2038345336914 | 3213.4347282500007
7.200000000000001 | 112.2038345336914 | 3213.4513862500007
15.200000000000001 | 112.2038345336914 | 3213.4680442500007
15.200000000000001 | 112.2038345336914 | 3213.4847022500007
15.200000000000001 | 112.2038345336914 | 3213.5013602500007
15.200000000000001 | 112.2038345336914 | 3213.5180182500008
15.200000000000001 | 112.2038345336914 | 3213.5346762500008
15.200000000000001 | 112.2038345336914 | 3213.5513342500008
15.200000000000001 | 112.2038345336914 | 3213.5679922500008
19.7 | 112.2038345336914 | 3213.584650250001
19.7 | 112.2038345336914 | 3213.601308250001
19.7 | 112.2038345336914 | 3213.617966250001
19.7 | 112.2038345336914 | 3213.634624250001
--- ITERATION 17 ---
19.7 | 112.2194595336914 | 3213.651282250001
19.7 | 112.2194595336914 | 3213.667940250001
19.7 | 112.2194595336914 | 3213.684598250001
19.7 | 112.2194595336914 | 3213.701256250001
16.400000000000002 | 112.2194595336914 | 3213.717914250001
16.400000000000002 | 112.2194595336914 | 3213.734572250001
16.400000000000002 | 112.2194595336914 | 3213.751230250001
16.400000000000002 | 112.2194595336914 | 3213.767888250001
16.400000000000002 | 112.2194595336914 | 3213.784546250001
16.400000000000002 | 112.2194595336914 | 3213.801204250001
16.400000000000002 | 112.2350845336914 | 3213.817862250001
17.200000000000003 | 112.2350845336914 | 3213.834520250001
--- ITERATION 18 ---
17.200000000000003 | 112.2663345336914 | 3213.851178250001
17.200000000000003 | 112.2975845336914 | 3213.867836250001
17.200000000000003 | 112.2975845336914 | 3213.884494250001
17.200000000000003 | 112.2975845336914 | 3213.901152250001
17.200000000000003 | 112.2975845336914 | 3213.917810250001
17.200000000000003 | 112.2975845336914 | 3213.934468250001
17.200000000000003 | 112.2975845336914 | 3213.951126250001
20.4 | 112.2975845336914 | 3213.967784250001
20.4 | 112.2975845336914 | 3213.9844422500005
20.4 | 112.2975845336914 | 3214.008987458334
--- ITERATION 19 ---
20.4 | 112.2975845336914 | 3214.0256760416673
20.4 | 112.2975845336914 | 3214.0423646250006
20.4 | 112.3444595336914 | 3214.0590532083343
20.4 | 112.2975845336914 | 3214.0757417916675
23.5 | 112.2975845336914 | 3214.0924303750007
23.5 | 112.2975845336914 | 3214.1089161666673
23.5 | 112.2975845336914 | 3214.1255811666674
23.5 | 112.2975845336914 | 3214.1422461666675
23.5 | 112.2975845336914 | 3214.158911166667
23.5 | 112.2975845336914 | 3214.1755761666673
23.5 | 112.2975845336914 | 3214.1922411666674
18.4 | 112.2975845336914 | 3214.2089061666675
18.4 | 112.2975845336914 | 3214.2255711666676