
--- NEW BENCHMARK RUN ---
0.09829670831095427
0.09375266666756943
0.0940925000468269
0.09233283333014697
0.09281100000953302
0.09492770832730457
0.09433849999913946
0.09421641664812341
0.09333666670136154
0.09523845830699429
0.09688708337489516
0.09532262501306832
0.09513912501279265
0.09378520835889503
0.09482583333738148
0.0995822916738689
0.10060725000221282
0.09677479165839031
0.09554687503259629
0.09588266670471057

--- NEW BENCHMARK RUN ---
0.09648612499995579
0.09676662499987287
0.09593812499997512
0.09509762500010766
0.09306437500026732
0.09237291666659075
0.09559891666640397
0.09867941666652769
0.0958098749997589
0.09386737500017261
0.09422766666648386
0.09313387499969394
0.09501441666679966
0.09425820833303078
0.09990816666640967
0.09697420833299475
0.09431345833354499
0.09457737499997165
0.09531791666677236
0.10641454166625408
