
--- NEW BENCHMARK RUN ---
0.539896416652482
0.5445468749967404
0.5392317916848697
0.5867641666554846
0.5791268333559856
0.5680649999994785
0.6281453749979846
0.6080948333255947
0.5414941249764524
0.5395589167019352
0.5384993333136663
0.5551972083048895
0.5621002499829046
0.5351111666532233
0.53968579164939
0.6012350833625533
0.5412957916851155
0.5908889583079144
0.5854129999643192
0.6105581666924991

--- NEW BENCHMARK RUN ---
0.4703380000000834
0.48804054166657806
0.46520191666650135
0.4974072916666046
0.46645983333337426
0.4735444583334356
0.4583033333333333
0.4750093333332188
0.47900883333295496
0.4909620416665348
0.4579946666667638
0.4927123750003375
0.4463670000000093
0.4499670000000151
0.47542204166666124
0.4877244999997856
0.46149112500006595
0.4825774166665724
0.46402249999982814
0.48254033333341795

--- NEW BENCHMARK RUN ---
0.4937980833333313
0.4569800000001578
0.4890402500000164
0.4364523750000444
0.461397958333464
0.4793262916666663
0.46980500000017855
0.485502624999981
0.4568041666668705
0.49276708333331953
0.4614798750001228
0.4847960833333218
0.45734349999997903
0.48011266666685515
0.48308795833327167
0.4589576666664925
0.48953287500012266
0.45015312500004256
0.485892958333352
0.48542829166672163

--- NEW BENCHMARK RUN ---
0.5832317500025965
0.5816789166710805
0.6098401666677091
0.58801283333014
0.6018165833374951
0.5908540833333973
0.6109031250016415
0.5781016250039102
0.6191971250009374
0.5885977916695992
0.5922999583272031
0.6040732500041486
0.6081567083310802
0.6174750833306462
0.6089873750024708
0.6056086249955115
0.5770165833309875
0.645127791663981
0.5966220416667056
0.6205485416649026
