
--- NEW BENCHMARK RUN ---
0.21526012499816716
0.48552600003313273
0.6507474583340809
0.47910733334720135
0.6701131666777655
0.13036483334144577
0.2659973750123754
0.16597462503705174
0.1890102500328794
0.19595654163276777
0.12100079166702926
0.16623874998185784
0.18430579168489203
0.14245470834430307
0.18979229166870937
0.18687558331293985
0.14097787503851578
0.2122223332989961
0.19443087495164946
0.1644962083082646

--- NEW BENCHMARK RUN ---
0.15902450000021418
0.19335616666649003
0.2034969166670635
0.14776229166682242
1.1035634166669297
1.2488371666668172
0.4336673333332328
0.6845912500002669
0.20341383333334306
0.2720290416664284
0.10773820833355785
0.1574409166669284
0.20112937500016415
0.20085191666703395
0.20545691666666244
0.14145920833334458
0.14328595833330837
0.1868594166667208
0.19539708333331873
0.17769325000017488

--- NEW BENCHMARK RUN ---
0.1505670416668181
0.1241725416666668
0.07683241666654794
0.10818354166667632
2.480584333333354
1.3325312499996471
0.8357249166670044
0.7052507499997773
0.934543124999891
0.7873975833331315
0.8967902083331865
0.6467308333335495
0.4614522083329575
0.48690879166679224
0.2929811666667774
0.14360537500033388
0.12569941666652085
0.17516574999990553
0.18835341666681416
0.15001266666649826
