
--- ITERATION 0 ---

CPU | Memory (MB) | Timestamp
---
20.5 | 15.781890869140625 | 1157.3887713750003
20.5 | 23.735015869140625 | 1157.4054589583336
20.5 | 31.75066375732422 | 1157.422146541667
20.5 | 40.25066375732422 | 1157.4388341250003
20.7 | 48.75066375732422 | 1157.4555217083337
20.7 | 56.25066375732422 | 1157.472209291667
20.7 | 64.45381164550781 | 1157.4888968750004
20.7 | 74.62568664550781 | 1157.5055844583335
20.7 | 82.26631164550781 | 1157.5222720416668
20.7 | 90.61006164550781 | 1157.5389596250002
20.7 | 98.2819595336914 | 1157.5556472083335
21.7 | 106.2819595336914 | 1157.572334791667
--- ITERATION 1 ---
21.7 | 17.938140869140625 | 1157.6057099583336
21.7 | 26.328765869140625 | 1157.622397541667
21.7 | 34.34441375732422 | 1157.6390851250003
21.7 | 42.34441375732422 | 1157.6557727083336
21.7 | 50.32878875732422 | 1157.672460291667
21.7 | 58.31316375732422 | 1157.6891478750003
22.8 | 66.57881164550781 | 1157.7058354583337
22.8 | 75.12568664550781 | 1157.7225230416668
22.8 | 82.9850845336914 | 1157.7392106250002
22.8 | 91.0475845336914 | 1157.7558982083335
22.8 | 97.250732421875 | 1157.7725857916669
22.8 | 104.953857421875 | 1157.7892733750002
--- ITERATION 2 ---
22.8 | 12.235015869140625 | 1157.8059609583336
22.5 | 19.00066375732422 | 1157.822648541667
22.5 | 26.50066375732422 | 1157.8393361250003
22.5 | 34.03193664550781 | 1157.8560237083336
22.5 | 47.36006164550781 | 1157.872711291667
22.5 | 67.3288345336914 | 1157.8893988750003
22.5 | 87.0944595336914 | 1157.9060864583337
22.5 | 107.125732421875 | 1157.922774041667
--- ITERATION 3 ---
22.5 | 20.01628875732422 | 1157.9394616250001
27.5 | 40.03193664550781 | 1157.9561492083335
27.5 | 60.26631164550781 | 1157.9728367916669
27.5 | 77.8913345336914 | 1157.9895243750002
27.5 | 98.578857421875 | 1158.0062119583336
27.5 | 111.719482421875 | 1158.022899541667
--- ITERATION 4 ---
27.5 | 22.53191375732422 | 1158.0395871250003
27.5 | 38.54756164550781 | 1158.0562747083336
30.4 | 56.54756164550781 | 1158.072962291667
30.4 | 72.5632095336914 | 1158.0896498750003
30.4 | 85.8757095336914 | 1158.1063374583337
30.4 | 98.578857421875 | 1158.123025041667
--- ITERATION 5 ---
30.4 | 12.266265869140625 | 1158.1397126250004
30.4 | 31.922561645507812 | 1158.1564002083335
30.099999999999998 | 51.11006164550781 | 1158.1730877916668
30.099999999999998 | 70.7507095336914 | 1158.1897753750002
32.6 | 90.1100845336914 | 1158.2064629583335
32.6 | 109.985107421875 | 1158.2231505416669
--- ITERATION 6 ---
32.6 | 22.25066375732422 | 1158.2398381250002
32.6 | 42.95381164550781 | 1158.2565257083336
32.6 | 53.45381164550781 | 1158.273213291667
32.6 | 73.4694595336914 | 1158.2899008750003
32.6 | 99.985107421875 | 1158.3065884583336
--- ITERATION 7 ---
35.2 | 17.57878875732422 | 1158.323276041667
35.2 | 31.656936645507812 | 1158.3399636250003
35.2 | 44.42256164550781 | 1158.3566512083337
35.2 | 60.438209533691406 | 1158.3733387916668
35.2 | 84.6882095336914 | 1158.3900263750002
35.2 | 109.953857421875 | 1158.4067139583335
--- ITERATION 8 ---
35.2 | 21.36003875732422 | 1158.4234015416669
35.2 | 35.46943664550781 | 1158.4400891250002
36.800000000000004 | 50.48506164550781 | 1158.4567767083336
36.800000000000004 | 62.625709533691406 | 1158.473464291667
36.800000000000004 | 77.1100845336914 | 1158.4901518750003
36.800000000000004 | 93.969482421875 | 1158.5068394583336
36.800000000000004 | 108.719482421875 | 1158.523527041667
--- ITERATION 9 ---
36.800000000000004 | 28.438186645507812 | 1158.5402146250003
36.800000000000004 | 54.11006164550781 | 1158.5569022083337
36.8 | 80.5788345336914 | 1158.573589791667
36.8 | 105.094482421875 | 1158.5902773750001
--- ITERATION 10 ---
36.8 | 26.20378875732422 | 1158.6069649583335
36.8 | 51.17256164550781 | 1158.6236525416668
36.8 | 68.6882095336914 | 1158.6403401250002
36.8 | 80.9694595336914 | 1158.6570277083335
36.8 | 93.485107421875 | 1158.673715291667
36.8 | 105.188232421875 | 1158.6904028750002
--- ITERATION 11 ---
36.3 | 18.25066375732422 | 1158.7070904583336
36.3 | 44.46943664550781 | 1158.723778041667
36.3 | 69.4694595336914 | 1158.7404656250003
36.3 | 94.485107421875 | 1158.7571532083336
--- ITERATION 12 ---
36.3 | 13.453788757324219 | 1158.773840791667
36.3 | 35.65693664550781 | 1158.7905283750003
36.3 | 61.485084533691406 | 1158.8072159583337
40.8 | 86.5007095336914 | 1158.8239035416668
40.8 | 108.250732421875 | 1158.8405911250002
--- ITERATION 13 ---
40.8 | 24.61003875732422 | 1158.8572787083335
40.8 | 50.46943664550781 | 1158.8739662916669
40.8 | 75.9538345336914 | 1158.8906538750002
40.8 | 101.219482421875 | 1158.9073414583336
--- ITERATION 14 ---
40.8 | 17.57878875732422 | 1158.924029041667
40.8 | 28.469436645507812 | 1158.9407166250003
41.6 | 42.46943664550781 | 1158.9574042083336
41.6 | 56.23506164550781 | 1158.974091791667
41.6 | 68.4850845336914 | 1158.9907793750003
41.6 | 86.9850845336914 | 1159.0074669583337
41.6 | 108.953857421875 | 1159.024154541667
--- ITERATION 15 ---
41.6 | 22.48503875732422 | 1159.0408421250002
41.6 | 34.50068664550781 | 1159.0575297083335
38.599999999999994 | 46.50068664550781 | 1159.0742172916669
38.599999999999994 | 56.50068664550781 | 1159.0909048750002
38.599999999999994 | 70.5163345336914 | 1159.1075924583336
38.599999999999994 | 78.5163345336914 | 1159.124280041667
38.599999999999994 | 92.531982421875 | 1159.1409676250003
38.599999999999994 | 104.531982421875 | 1159.1576552083336
--- ITERATION 16 ---
38.599999999999994 | 18.50066375732422 | 1159.174342791667
38.599999999999994 | 44.01631164550781 | 1159.1910303750003
38.099999999999994 | 69.0007095336914 | 1159.2077179583337
38.099999999999994 | 94.156982421875 | 1159.224405541667
--- ITERATION 17 ---
38.099999999999994 | 15.844413757324219 | 1159.2410931250004
38.099999999999994 | 40.00068664550781 | 1159.2577807083335
38.099999999999994 | 64.5163345336914 | 1159.2744682916668
38.099999999999994 | 88.5163345336914 | 1159.2911558750002
38.099999999999994 | 12.219390869140625 | 1159.3078434583335
--- ITERATION 18 ---
42.1 | 34.04756164550781 | 1159.324531041667
42.1 | 58.54756164550781 | 1159.3412186250002
42.1 | 82.0319595336914 | 1159.3579062083336
42.1 | 108.547607421875 | 1159.374593791667
--- ITERATION 19 ---
42.1 | 28.00066375732422 | 1159.3912813750003
42.1 | 53.11006164550781 | 1159.4079689583336
42.1 | 76.5007095336914 | 1159.424656541667
42.1 | 102.016357421875 | 1159.4413441250003